

iter 10
-0.196000 -0.176400	-0.191100 -0.171990	-0.200655 -0.180589	-0.196006 -0.176405	iter 9
-0.176406 -0.142889	-0.168743 -0.136682	-0.183341 -0.148506	-0.176440 -0.142917	iter 8
-0.142927 -0.102907	-0.135714 -0.097714	-0.149120 -0.107366	-0.142988 -0.102951	iter 7
-0.102987 -0.064882	-0.099055 -0.062405	-0.106156 -0.066878	-0.103022 -0.064904	iter 6
-0.064959 -0.035078	-0.065044 -0.035124	-0.064839 -0.035013	-0.064908 -0.035050	iter 5
-0.035070 -0.015782	-0.037750 -0.016987	-0.033108 -0.014898	-0.034952 -0.015728	iter 4
-0.015650 -0.005634	-0.018782 -0.006762	-0.013599 -0.004896	-0.015555 -0.005600	iter 3
-0.005431 -0.001466	-0.007633 -0.002061	-0.004202 -0.001134	-0.005422 -0.001464	iter 2
-0.001286 -0.000231	-0.002341 -0.000421	-0.000841 -0.000151	-0.001339 -0.000241	iter 1
-0.000128 -0.000012	-0.000463 -0.000042	-0.000058 -0.000005	-0.000181 -0.000016	iter 0
0.000025 0.000025	-0.000027 0.000000	0.000022 0.000022	-0.000009 -0.000000	

iter 10
-0.196000 -0.176400	-0.191098 -0.171988	-0.200630 -0.180567	-0.195980 -0.176382	iter 9
-0.176406 -0.142889	-0.168741 -0.136680	-0.183319 -0.148488	-0.176418 -0.142898	iter 8
-0.142926 -0.102906	-0.135711 -0.097712	-0.149103 -0.107354	-0.142971 -0.102939	iter 7
-0.102985 -0.064881	-0.099052 -0.062403	-0.106145 -0.066871	-0.103011 -0.064897	iter 6
-0.064957 -0.035077	-0.065041 -0.035122	-0.064832 -0.035009	-0.064901 -0.035047	iter 5
-0.035069 -0.015781	-0.037748 -0.016987	-0.033104 -0.014897	-0.034948 -0.015727	iter 4
-0.015650 -0.005634	-0.018781 -0.006761	-0.013598 -0.004895	-0.015554 -0.005599	iter 3
-0.005431 -0.001466	-0.007633 -0.002061	-0.004201 -0.001134	-0.005422 -0.001464	iter 2
-0.001286 -0.000231	-0.002341 -0.000421	-0.000841 -0.000151	-0.001339 -0.000241	iter 1
-0.000128 -0.000012	-0.000463 -0.000042	-0.000058 -0.000005	-0.000181 -0.000016	iter 0
0.000025 0.000025	-0.000027 0.000000	0.000022 0.000022	-0.000009 -0.000000	

iter 10
-0.195998 -0.176398	-0.191100 -0.171990	-0.200628 -0.180565	-0.195982 -0.176384	iter 9
-0.176404 -0.142887	-0.168743 -0.136682	-0.183317 -0.148487	-0.176419 -0.142900	iter 8
-0.142924 -0.102905	-0.135712 -0.097713	-0.149102 -0.107353	-0.142972 -0.102940	iter 7
-0.102984 -0.064880	-0.099053 -0.062403	-0.106144 -0.066871	-0.103011 -0.064897	iter 6
-0.064957 -0.035077	-0.065041 -0.035122	-0.064832 -0.035009	-0.064902 -0.035047	iter 5
-0.035069 -0.015781	-0.037748 -0.016987	-0.033104 -0.014897	-0.034949 -0.015727	iter 4
-0.015650 -0.005634	-0.018781 -0.006761	-0.013597 -0.004895	-0.015554 -0.005599	iter 3
-0.005431 -0.001466	-0.007633 -0.002061	-0.004201 -0.001134	-0.005422 -0.001464	iter 2
-0.001286 -0.000231	-0.002341 -0.000421	-0.000841 -0.000151	-0.001339 -0.000241	iter 1
-0.000128 -0.000012	-0.000463 -0.000042	-0.000058 -0.000005	-0.000181 -0.000016	iter 0
0.000025 0.000025	-0.000027 -0.000000	0.000022 0.000022	-0.000009 0.000000	

iter 10
-0.206121 -0.185509	-0.205151 -0.184636	-0.214802 -0.193322	-0.213688 -0.192319	0.129279 0.129279	-0.048492 -0.043643	-0.022781 -0.020503	-0.196346 -0.176712	iter 9
-0.186207 -0.150827	-0.181307 -0.146859	-0.196568 -0.159220	-0.191874 -0.155418	0.084565 0.084565	-0.077883 -0.063085	-0.056779 -0.045991	-0.205433 -0.166401	iter 8
-0.152194 -0.109580	-0.146088 -0.105183	-0.160370 -0.115467	-0.154974 -0.111582	0.027954 0.027954	-0.104567 -0.075288	-0.090891 -0.065442	-0.195091 -0.140466	iter 7
-0.111461 -0.070221	-0.107076 -0.067458	-0.114853 -0.072357	-0.111371 -0.070164	-0.026748 -0.016851	-0.115084 -0.072503	-0.109608 -0.069053	-0.165767 -0.104433	iter 6
-0.072152 -0.038962	-0.071013 -0.038347	-0.071069 -0.038377	-0.070448 -0.038042	-0.058847 -0.031777	-0.103391 -0.055831	-0.103402 -0.055837	-0.127454 -0.068825	iter 5
-0.040490 -0.018220	-0.042128 -0.018958	-0.037397 -0.016829	-0.038785 -0.017453	-0.058406 -0.026283	-0.076817 -0.034568	-0.077953 -0.035079	-0.086082 -0.038737	iter 4
-0.019227 -0.006922	-0.021849 -0.007865	-0.016405 -0.005906	-0.018220 -0.006559	-0.040268 -0.014497	-0.047260 -0.017014	-0.046532 -0.016752	-0.049166 -0.017700	iter 3
-0.007448 -0.002011	-0.009548 -0.002578	-0.005840 -0.001577	-0.007084 -0.001913	-0.020456 -0.005523	-0.023767 -0.006417	-0.021234 -0.005733	-0.022590 -0.006099	iter 2
-0.002208 -0.000397	-0.003324 -0.000598	-0.001619 -0.000291	-0.002169 -0.000391	-0.007426 -0.001337	-0.009402 -0.001692	-0.006860 -0.001235	-0.007737 -0.001393	iter 1
-0.000435 -0.000039	-0.000839 -0.000075	-0.000324 -0.000029	-0.000477 -0.000043	-0.001668 -0.000150	-0.002665 -0.000240	-0.001291 -0.000116	-0.001694 -0.000152	iter 0
-0.000033 0.000000	-0.000124 -0.000000	-0.000037 0.000000	-0.000059 -0.000000	-0.000101 -0.000000	-0.000416 -0.000000	-0.000040 -0.000000	-0.000134 -0.000000	

iter 10
-0.196004 -0.176403	-0.191089 -0.171980	-0.200654 -0.180589	-0.195992 -0.176393	-0.019579 -0.017621	-0.018408 -0.016567	-0.020672 -0.018604	-0.019561 -0.017605	iter 9
-0.176457 -0.142930	-0.168775 -0.136708	-0.183393 -0.148548	-0.176476 -0.142945	-0.051115 -0.041403	-0.046152 -0.037383	-0.055576 -0.045017	-0.051108 -0.041397	iter 8
-0.143204 -0.103107	-0.135928 -0.097868	-0.149440 -0.107596	-0.143255 -0.103144	-0.081454 -0.058647	-0.071795 -0.051692	-0.089698 -0.064583	-0.081489 -0.058672	iter 7
-0.103742 -0.065357	-0.099631 -0.062768	-0.107048 -0.067440	-0.103772 -0.065377	-0.097047 -0.061140	-0.085856 -0.054089	-0.106060 -0.066818	-0.097139 -0.061198	iter 6
-0.066310 -0.035807	-0.066086 -0.035687	-0.066420 -0.035867	-0.066261 -0.035781	-0.091787 -0.049565	-0.084499 -0.045630	-0.097265 -0.052523	-0.091860 -0.049604	iter 5
-0.036836 -0.016576	-0.039200 -0.017640	-0.035092 -0.015792	-0.036721 -0.016524	-0.070027 -0.031512	-0.069734 -0.031380	-0.070150 -0.031568	-0.069961 -0.031482	iter 4
-0.017398 -0.006263	-0.020393 -0.007342	-0.015428 -0.005554	-0.017301 -0.006228	-0.042713 -0.015377	-0.047773 -0.017198	-0.039339 -0.014162	-0.042511 -0.015304	iter 3
-0.006739 -0.001820	-0.009050 -0.002443	-0.005437 -0.001468	-0.006720 -0.001814	-0.020102 -0.005428	-0.026309 -0.007103	-0.016454 -0.004443	-0.019931 -0.005381	iter 2
-0.001995 -0.000359	-0.003289 -0.000592	-0.001422 -0.000256	-0.002038 -0.000367	-0.006699 -0.001206	-0.010992 -0.001979	-0.004608 -0.000829	-0.006691 -0.001204	iter 1
-0.000374 -0.000034	-0.000910 -0.000082	-0.000220 -0.000020	-0.000425 -0.000038	-0.001217 -0.000110	-0.003111 -0.000280	-0.000575 -0.000052	-0.001323 -0.000119	iter 0
-0.000006 0.000000	-0.000159 -0.000000	0.000005 0.000005	-0.000034 -0.000000	0.000058 0.000058	-0.000406 -0.000000	0.000113 0.000113	-0.000047 -0.000000	

iter 10
-0.195991 -0.176392	-0.191078 -0.171970	-0.200654 -0.180589	-0.195992 -0.176393	-0.019581 -0.017623	-0.018406 -0.016565	-0.020583 -0.018525	-0.019471 -0.017524	iter 9
-0.176446 -0.142922	-0.168765 -0.136700	-0.183392 -0.148547	-0.176475 -0.142945	-0.051107 -0.041396	-0.046146 -0.037378	-0.055499 -0.044954	-0.051036 -0.041339	iter 8
-0.143196 -0.103101	-0.135921 -0.097863	-0.149438 -0.107595	-0.143254 -0.103143	-0.081421 -0.058623	-0.071786 -0.051686	-0.089640 -0.064540	-0.081452 -0.058645	iter 7
-0.103736 -0.065353	-0.099626 -0.062765	-0.107046 -0.067439	-0.103771 -0.065376	-0.097004 -0.061112	-0.085847 -0.054083	-0.106022 -0.066794	-0.097125 -0.061189	iter 6
-0.066305 -0.035805	-0.066084 -0.035685	-0.066419 -0.035866	-0.066261 -0.035781	-0.091791 -0.049567	-0.084485 -0.045622	-0.097238 -0.052508	-0.091825 -0.049585	iter 5
-0.036832 -0.016575	-0.039199 -0.017639	-0.035091 -0.015791	-0.036721 -0.016524	-0.070116 -0.031552	-0.069711 -0.031370	-0.070121 -0.031554	-0.069882 -0.031447	iter 4
-0.017400 -0.006264	-0.020392 -0.007341	-0.015427 -0.005554	-0.017298 -0.006227	-0.042831 -0.015419	-0.047746 -0.017189	-0.039308 -0.014151	-0.042429 -0.015275	iter 3
-0.006746 -0.001821	-0.009048 -0.002443	-0.005435 -0.001467	-0.006715 -0.001813	-0.020154 -0.005442	-0.026293 -0.007099	-0.016441 -0.004439	-0.019899 -0.005373	iter 2
-0.002002 -0.000360	-0.003287 -0.000592	-0.001420 -0.000256	-0.002034 -0.000366	-0.006662 -0.001199	-0.010997 -0.001979	-0.004619 -0.000831	-0.006708 -0.001207	iter 1
-0.000374 -0.000034	-0.000910 -0.000082	-0.000220 -0.000020	-0.000425 -0.000038	-0.001147 -0.000103	-0.003129 -0.000282	-0.000598 -0.000054	-0.001353 -0.000122	iter 0
-0.000001 -0.000000	-0.000160 -0.000000	0.000003 0.000003	-0.000037 -0.000000	0.000107 0.000107	-0.000411 -0.000000	0.000116 0.000116	-0.000094 -0.000000	

iter 10
-0.195991 -0.176392	-0.191100 -0.171990	-0.200634 -0.180570	-0.195994 -0.176394	-0.019569 -0.017612	-0.018409 -0.016568	-0.020554 -0.018498	-0.019457 -0.017511	iter 9
-0.176446 -0.142921	-0.168785 -0.136716	-0.183375 -0.148534	-0.176476 -0.142946	-0.051096 -0.041388	-0.046154 -0.037384	-0.055469 -0.044930	-0.051023 -0.041329	iter 8
-0.143195 -0.103101	-0.135935 -0.097873	-0.149426 -0.107587	-0.143254 -0.103143	-0.081412 -0.058617	-0.071796 -0.051693	-0.089613 -0.064522	-0.081441 -0.058638	iter 7
-0.103735 -0.065353	-0.099635 -0.062770	-0.107039 -0.067434	-0.103771 -0.065376	-0.096997 -0.061108	-0.085856 -0.054089	-0.106002 -0.066781	-0.097118 -0.061184	iter 6
-0.066304 -0.035804	-0.066088 -0.035687	-0.066415 -0.035864	-0.066260 -0.035781	-0.091786 -0.049565	-0.084491 -0.045625	-0.097225 -0.052502	-0.091820 -0.049583	iter 5
-0.036832 -0.016574	-0.039200 -0.017640	-0.035090 -0.015790	-0.036721 -0.016524	-0.070113 -0.031551	-0.069713 -0.031371	-0.070114 -0.031551	-0.069879 -0.031446	iter 4
-0.017399 -0.006264	-0.020392 -0.007341	-0.015426 -0.005553	-0.017298 -0.006227	-0.042829 -0.015418	-0.047746 -0.017189	-0.039306 -0.014150	-0.042428 -0.015274	iter 3
-0.006746 -0.001821	-0.009048 -0.002443	-0.005434 -0.001467	-0.006715 -0.001813	-0.020153 -0.005441	-0.026293 -0.007099	-0.016440 -0.004439	-0.019898 -0.005372	iter 2
-0.002002 -0.000360	-0.003287 -0.000592	-0.001420 -0.000256	-0.002034 -0.000366	-0.006662 -0.001199	-0.010996 -0.001979	-0.004619 -0.000831	-0.006708 -0.001207	iter 1
-0.000374 -0.000034	-0.000910 -0.000082	-0.000220 -0.000020	-0.000425 -0.000038	-0.001147 -0.000103	-0.003129 -0.000282	-0.000598 -0.000054	-0.001353 -0.000122	iter 0
-0.000001 0.000000	-0.000160 -0.000000	0.000003 0.000003	-0.000037 -0.000000	0.000107 0.000107	-0.000411 -0.000000	0.000116 0.000116	-0.000094 -0.000000	

iter 10
-0.195991 -0.176392	-0.191100 -0.171990	-0.200634 -0.180570	-0.195994 -0.176394	-0.019569 -0.017612	-0.019634 -0.017671	-0.019390 -0.017451	-0.019455 -0.017510	iter 9
-0.176446 -0.142921	-0.168788 -0.136718	-0.183372 -0.148531	-0.176476 -0.142946	-0.051094 -0.041386	-0.051229 -0.041496	-0.050872 -0.041206	-0.050999 -0.041309	iter 8
-0.143196 -0.103101	-0.135968 -0.097897	-0.149399 -0.107567	-0.143254 -0.103143	-0.081386 -0.058598	-0.080957 -0.058289	-0.081692 -0.058818	-0.081332 -0.058559	iter 7
-0.103737 -0.065355	-0.099749 -0.062842	-0.106949 -0.067378	-0.103771 -0.065376	-0.096879 -0.061034	-0.095295 -0.060036	-0.098134 -0.061825	-0.096873 -0.061030	iter 6
-0.066307 -0.035806	-0.066297 -0.035800	-0.066258 -0.035779	-0.066257 -0.035779	-0.091530 -0.049426	-0.089139 -0.048135	-0.093298 -0.050381	-0.091528 -0.049425	iter 5
-0.036827 -0.016572	-0.039416 -0.017737	-0.034928 -0.015718	-0.036710 -0.016520	-0.069832 -0.031424	-0.067959 -0.030581	-0.071029 -0.031963	-0.069763 -0.031393	iter 4
-0.017381 -0.006257	-0.020479 -0.007373	-0.015348 -0.005525	-0.017284 -0.006222	-0.042781 -0.015401	-0.042528 -0.015310	-0.042769 -0.015397	-0.042639 -0.015350	iter 3
-0.006724 -0.001816	-0.008961 -0.002419	-0.005467 -0.001476	-0.006709 -0.001811	-0.020461 -0.005525	-0.021643 -0.005844	-0.019659 -0.005308	-0.020341 -0.005492	iter 2
-0.001999 -0.000360	-0.003121 -0.000562	-0.001513 -0.000272	-0.002045 -0.000368	-0.007146 -0.001286	-0.008649 -0.001557	-0.006405 -0.001153	-0.007136 -0.001284	iter 1
-0.000395 -0.000036	-0.000787 -0.000071	-0.000301 -0.000027	-0.000447 -0.000040	-0.001524 -0.000137	-0.002486 -0.000224	-0.001232 -0.000111	-0.001604 -0.000144	iter 0
-0.000028 -0.000000	-0.000117 -0.000000	-0.000035 -0.000000	-0.000056 -0.000000	-0.000058 -0.000000	-0.000403 0.000000	-0.000051 -0.000000	-0.000139 -0.000000	

iter 10
-0.196004 -0.176403	-0.191100 -0.171990	-0.200645 -0.180580	-0.195993 -0.176393	-0.020244 -0.018219	-0.019077 -0.017169	-0.020006 -0.018005	-0.018932 -0.017039	iter 9
-0.176459 -0.142932	-0.168786 -0.136717	-0.183383 -0.148541	-0.176475 -0.142945	-0.053696 -0.043494	-0.048636 -0.039395	-0.053084 -0.042998	-0.048773 -0.039506	iter 8
-0.143220 -0.103119	-0.135950 -0.097884	-0.149419 -0.107582	-0.143242 -0.103134	-0.086056 -0.061961	-0.076115 -0.054803	-0.085316 -0.061428	-0.077514 -0.055810	iter 7
-0.103798 -0.065393	-0.099688 -0.062803	-0.106994 -0.067406	-0.103728 -0.065349	-0.101768 -0.064114	-0.090174 -0.056810	-0.101569 -0.063988	-0.093209 -0.058722	iter 6
-0.066413 -0.035863	-0.066182 -0.035738	-0.066325 -0.035816	-0.066184 -0.035739	-0.094118 -0.050824	-0.086523 -0.046722	-0.094964 -0.051280	-0.089890 -0.048541	iter 5
-0.036942 -0.016624	-0.039294 -0.017682	-0.034992 -0.015746	-0.036642 -0.016489	-0.069193 -0.031137	-0.068879 -0.030995	-0.070780 -0.031851	-0.070377 -0.031670	iter 4
-0.017442 -0.006279	-0.020425 -0.007353	-0.015379 -0.005537	-0.017260 -0.006214	-0.040178 -0.014464	-0.045512 -0.016384	-0.041642 -0.014991	-0.044182 -0.015906	iter 3
-0.006700 -0.001809	-0.009006 -0.002431	-0.005464 -0.001475	-0.006733 -0.001818	-0.017839 -0.004816	-0.024469 -0.006607	-0.018651 -0.005036	-0.021504 -0.005806	iter 2
-0.001918 -0.000345	-0.003219 -0.000579	-0.001493 -0.000269	-0.002081 -0.000375	-0.005535 -0.000996	-0.010225 -0.001841	-0.005847 -0.001052	-0.007590 -0.001366	iter 1
-0.000315 -0.000028	-0.000869 -0.000078	-0.000282 -0.000025	-0.000466 -0.000042	-0.000857 -0.000077	-0.003022 -0.000272	-0.001013 -0.000091	-0.001665 -0.000150	iter 0
0.000018 0.000018	-0.000150 -0.000000	-0.000018 -0.000000	-0.000069 -0.000000	0.000122 0.000122	-0.000462 -0.000000	0.000048 0.000048	-0.000190 -0.000000	

iter 10
-0.195992 -0.176393	-0.191100 -0.171990	-0.200630 -0.180567	-0.195989 -0.176390	-0.018852 -0.016967	-0.019121 -0.017209	-0.019934 -0.017940	-0.020155 -0.018139	iter 9
-0.176445 -0.142920	-0.168786 -0.136717	-0.183371 -0.148530	-0.176474 -0.142944	-0.048472 -0.039262	-0.048882 -0.039594	-0.053265 -0.043144	-0.053388 -0.043245	iter 8
-0.143180 -0.103089	-0.135952 -0.097885	-0.149412 -0.107576	-0.143265 -0.103151	-0.076757 -0.055265	-0.076741 -0.055253	-0.086003 -0.061922	-0.085342 -0.061446	iter 7
-0.103680 -0.065319	-0.099696 -0.062809	-0.106999 -0.067409	-0.103814 -0.065403	-0.092143 -0.058050	-0.091044 -0.057358	-0.102582 -0.064627	-0.100821 -0.063518	iter 6
-0.066202 -0.035749	-0.066204 -0.035750	-0.066350 -0.035829	-0.066334 -0.035821	-0.089188 -0.048162	-0.087152 -0.047062	-0.095575 -0.051611	-0.093506 -0.050493	iter 5
-0.036720 -0.016524	-0.039324 -0.017696	-0.035027 -0.015762	-0.036790 -0.016556	-0.070657 -0.031796	-0.068832 -0.030974	-0.070387 -0.031674	-0.069351 -0.031208	iter 4
-0.017340 -0.006242	-0.020445 -0.007360	-0.015396 -0.005543	-0.017322 -0.006236	-0.045314 -0.016313	-0.044794 -0.016126	-0.040461 -0.014566	-0.040968 -0.014748	iter 3
-0.006770 -0.001828	-0.009000 -0.002430	-0.005441 -0.001469	-0.006693 -0.001807	-0.022734 -0.006138	-0.023477 -0.006339	-0.017461 -0.004715	-0.018761 -0.005065	iter 2
-0.002081 -0.000375	-0.003187 -0.000574	-0.001444 -0.000260	-0.002000 -0.000360	-0.008324 -0.001498	-0.009403 -0.001693	-0.005167 -0.000930	-0.006231 -0.001122	iter 1
-0.000453 -0.000041	-0.000829 -0.000075	-0.000239 -0.000022	-0.000407 -0.000037	-0.001889 -0.000170	-0.002569 -0.000231	-0.000797 -0.000072	-0.001262 -0.000114	iter 0
-0.000048 -0.000000	-0.000125 -0.000000	-0.000006 0.000000	-0.000035 -0.000000	-0.000117 -0.000000	-0.000339 -0.000000	0.000031 0.000031	-0.000054 -0.000000	

iter 10
-0.195994 -0.176395	-0.191100 -0.171990	-0.201013 -0.180912	-0.195615 -0.176053	-0.019908 -0.017917	-0.018672 -0.016805	-0.020392 -0.018353	-0.019237 -0.017313	iter 9
-0.176822 -0.143226	-0.168393 -0.136398	-0.184872 -0.149746	-0.174919 -0.141685	-0.052290 -0.042355	-0.047231 -0.038257	-0.054467 -0.044119	-0.050026 -0.040521	iter 8
-0.144693 -0.104179	-0.134335 -0.096721	-0.152552 -0.109838	-0.139928 -0.100749	-0.083411 -0.060056	-0.073607 -0.052997	-0.087794 -0.063212	-0.079741 -0.057414	iter 7
-0.106822 -0.067298	-0.096288 -0.060661	-0.111523 -0.070260	-0.098938 -0.062331	-0.098865 -0.062285	-0.087522 -0.055139	-0.104163 -0.065623	-0.095476 -0.060150	iter 6
-0.070634 -0.038142	-0.061376 -0.033143	-0.071277 -0.038490	-0.061022 -0.032952	-0.092456 -0.049926	-0.085083 -0.045945	-0.096296 -0.052000	-0.091024 -0.049153	iter 5
-0.041393 -0.018627	-0.034302 -0.015436	-0.039255 -0.017665	-0.032332 -0.014549	-0.069420 -0.031239	-0.069141 -0.031113	-0.070353 -0.031659	-0.070061 -0.031527	iter 4
-0.021185 -0.007626	-0.016483 -0.005934	-0.018309 -0.006591	-0.014435 -0.005197	-0.041596 -0.014975	-0.046737 -0.016825	-0.040220 -0.014479	-0.043114 -0.015521	iter 3
-0.009283 -0.002506	-0.006617 -0.001787	-0.007059 -0.001906	-0.005283 -0.001426	-0.019274 -0.005204	-0.025590 -0.006909	-0.017355 -0.004686	-0.020565 -0.005553	iter 2
-0.003387 -0.000610	-0.002118 -0.000381	-0.002158 -0.000389	-0.001510 -0.000272	-0.006374 -0.001147	-0.010785 -0.001941	-0.005186 -0.000933	-0.007129 -0.001283	iter 1
-0.000980 -0.000088	-0.000494 -0.000044	-0.000478 -0.000043	-0.000301 -0.000027	-0.001175 -0.000106	-0.003179 -0.000286	-0.000828 -0.000075	-0.001544 -0.000139	iter 0
-0.000200 -0.000000	-0.000066 -0.000000	-0.000058 -0.000000	-0.000027 -0.000000	0.000046 0.000046	-0.000502 0.000000	0.000042 0.000042	-0.000129 -0.000000	

iter 10
-0.196006 -0.176405	-0.191099 -0.171989	-0.200655 -0.180589	-0.196000 -0.176400	-0.019562 -0.017606	-0.018409 -0.016568	-0.020612 -0.018551	-0.019520 -0.017568	iter 9
-0.176459 -0.142932	-0.168784 -0.136715	-0.183394 -0.148549	-0.176483 -0.142951	-0.051094 -0.041386	-0.046154 -0.037385	-0.055525 -0.044975	-0.051078 -0.041373	iter 8
-0.143206 -0.103108	-0.135935 -0.097873	-0.149440 -0.107597	-0.143260 -0.103147	-0.081416 -0.058620	-0.071798 -0.051695	-0.089661 -0.064556	-0.081484 -0.058669	iter 7
-0.103742 -0.065358	-0.099636 -0.062771	-0.107049 -0.067441	-0.103776 -0.065379	-0.097005 -0.061113	-0.085860 -0.054092	-0.106038 -0.066804	-0.097148 -0.061203	iter 6
-0.066309 -0.035807	-0.066089 -0.035688	-0.066421 -0.035867	-0.066264 -0.035783	-0.091795 -0.049570	-0.084497 -0.045628	-0.097248 -0.052514	-0.091839 -0.049593	iter 5
-0.036834 -0.016576	-0.039202 -0.017641	-0.035093 -0.015792	-0.036723 -0.016525	-0.070120 -0.031554	-0.069719 -0.031374	-0.070127 -0.031557	-0.069890 -0.031451	iter 4
-0.017401 -0.006264	-0.020393 -0.007342	-0.015428 -0.005554	-0.017299 -0.006228	-0.042834 -0.015420	-0.047751 -0.017190	-0.039311 -0.014152	-0.042433 -0.015276	iter 3
-0.006747 -0.001822	-0.009048 -0.002443	-0.005435 -0.001467	-0.006716 -0.001813	-0.020155 -0.005442	-0.026296 -0.007100	-0.016442 -0.004439	-0.019900 -0.005373	iter 2
-0.002002 -0.000360	-0.003287 -0.000592	-0.001420 -0.000256	-0.002035 -0.000366	-0.006662 -0.001199	-0.010998 -0.001980	-0.004620 -0.000832	-0.006709 -0.001208	iter 1
-0.000374 -0.000034	-0.000910 -0.000082	-0.000220 -0.000020	-0.000425 -0.000038	-0.001147 -0.000103	-0.003129 -0.000282	-0.000598 -0.000054	-0.001353 -0.000122	iter 0
-0.000001 0.000000	-0.000160 -0.000000	0.000003 0.000003	-0.000037 -0.000000	0.000107 0.000107	-0.000411 -0.000000	0.000116 0.000116	-0.000094 -0.000000	

iter 10
-0.195991 -0.176392	-0.191100 -0.171990	-0.200634 -0.180570	-0.195994 -0.176394	-0.019569 -0.017612	-0.018409 -0.016568	-0.020554 -0.018498	-0.019457 -0.017511	iter 9
-0.176446 -0.142921	-0.168785 -0.136716	-0.183375 -0.148534	-0.176476 -0.142946	-0.051096 -0.041388	-0.046154 -0.037385	-0.055469 -0.044930	-0.051023 -0.041329	iter 8
-0.143195 -0.103101	-0.135935 -0.097873	-0.149426 -0.107587	-0.143254 -0.103143	-0.081412 -0.058617	-0.071796 -0.051693	-0.089613 -0.064521	-0.081441 -0.058638	iter 7
-0.103735 -0.065353	-0.099635 -0.062770	-0.107039 -0.067434	-0.103771 -0.065376	-0.096997 -0.061108	-0.085856 -0.054089	-0.106002 -0.066781	-0.097118 -0.061184	iter 6
-0.066304 -0.035804	-0.066088 -0.035687	-0.066415 -0.035864	-0.066260 -0.035781	-0.091786 -0.049565	-0.084491 -0.045625	-0.097225 -0.052502	-0.091820 -0.049583	iter 5
-0.036832 -0.016574	-0.039200 -0.017640	-0.035090 -0.015790	-0.036721 -0.016524	-0.070113 -0.031551	-0.069713 -0.031371	-0.070114 -0.031551	-0.069879 -0.031446	iter 4
-0.017399 -0.006264	-0.020392 -0.007341	-0.015426 -0.005553	-0.017298 -0.006227	-0.042829 -0.015418	-0.047746 -0.017189	-0.039306 -0.014150	-0.042428 -0.015274	iter 3
-0.006746 -0.001821	-0.009048 -0.002443	-0.005434 -0.001467	-0.006715 -0.001813	-0.020153 -0.005441	-0.026293 -0.007099	-0.016440 -0.004439	-0.019898 -0.005372	iter 2
-0.002002 -0.000360	-0.003287 -0.000592	-0.001420 -0.000256	-0.002034 -0.000366	-0.006662 -0.001199	-0.010996 -0.001979	-0.004619 -0.000831	-0.006708 -0.001207	iter 1
-0.000374 -0.000034	-0.000910 -0.000082	-0.000220 -0.000020	-0.000425 -0.000038	-0.001147 -0.000103	-0.003129 -0.000282	-0.000598 -0.000054	-0.001353 -0.000122	iter 0
-0.000001 -0.000000	-0.000160 -0.000000	0.000003 0.000003	-0.000037 -0.000000	0.000107 0.000107	-0.000411 -0.000000	0.000116 0.000116	-0.000094 -0.000000	

iter 10
-0.196000 -0.176400	-0.191091 -0.171982	-0.200642 -0.180578	-0.195985 -0.176386	-0.018874 -0.016987	-0.019121 -0.017209	-0.019912 -0.017921	-0.020115 -0.018103	iter 9
-0.176452 -0.142926	-0.168778 -0.136710	-0.183380 -0.148538	-0.176471 -0.142941	-0.048488 -0.039276	-0.048883 -0.039595	-0.053245 -0.043128	-0.053357 -0.043219	iter 8
-0.143185 -0.103093	-0.135946 -0.097881	-0.149418 -0.107581	-0.143263 -0.103149	-0.076766 -0.055272	-0.076743 -0.055255	-0.085986 -0.061910	-0.085322 -0.061432	iter 7
-0.103684 -0.065321	-0.099693 -0.062807	-0.107003 -0.067412	-0.103813 -0.065402	-0.092146 -0.058052	-0.091046 -0.057359	-0.102571 -0.064620	-0.100811 -0.063511	iter 6
-0.066204 -0.035750	-0.066202 -0.035749	-0.066352 -0.035830	-0.066334 -0.035820	-0.089188 -0.048162	-0.087153 -0.047063	-0.095569 -0.051607	-0.093501 -0.050491	iter 5
-0.036721 -0.016524	-0.039324 -0.017696	-0.035028 -0.015763	-0.036790 -0.016555	-0.070657 -0.031795	-0.068833 -0.030975	-0.070384 -0.031673	-0.069350 -0.031207	iter 4
-0.017340 -0.006243	-0.020445 -0.007360	-0.015397 -0.005543	-0.017322 -0.006236	-0.045313 -0.016313	-0.044794 -0.016126	-0.040460 -0.014565	-0.040967 -0.014748	iter 3
-0.006770 -0.001828	-0.009000 -0.002430	-0.005441 -0.001469	-0.006693 -0.001807	-0.022734 -0.006138	-0.023477 -0.006339	-0.017461 -0.004714	-0.018761 -0.005065	iter 2
-0.002081 -0.000375	-0.003187 -0.000574	-0.001444 -0.000260	-0.002000 -0.000360	-0.008324 -0.001498	-0.009403 -0.001693	-0.005167 -0.000930	-0.006231 -0.001122	iter 1
-0.000453 -0.000041	-0.000829 -0.000075	-0.000239 -0.000022	-0.000407 -0.000037	-0.001889 -0.000170	-0.002569 -0.000231	-0.000797 -0.000072	-0.001262 -0.000114	iter 0
-0.000048 0.000000	-0.000125 -0.000000	-0.000006 0.000000	-0.000035 -0.000000	-0.000117 -0.000000	-0.000339 -0.000000	0.000031 0.000031	-0.000054 -0.000000	

iter 10
-0.195994 -0.176395	-0.191085 -0.171977	-0.200654 -0.180589	-0.195997 -0.176398	-0.019535 -0.017582	-0.018395 -0.016555	-0.020675 -0.018607	-0.019591 -0.017632	iter 9
-0.176449 -0.142923	-0.168772 -0.136705	-0.183393 -0.148548	-0.176480 -0.142949	-0.051070 -0.041367	-0.046141 -0.037374	-0.055579 -0.045019	-0.051138 -0.041422	iter 8
-0.143197 -0.103102	-0.135926 -0.097866	-0.149439 -0.107596	-0.143258 -0.103146	-0.081398 -0.058606	-0.071788 -0.051687	-0.089702 -0.064586	-0.081528 -0.058700	iter 7
-0.103737 -0.065354	-0.099630 -0.062767	-0.107048 -0.067440	-0.103774 -0.065378	-0.096993 -0.061106	-0.085853 -0.054088	-0.106065 -0.066821	-0.097175 -0.061220	iter 6
-0.066305 -0.035805	-0.066086 -0.035686	-0.066420 -0.035867	-0.066263 -0.035782	-0.091789 -0.049566	-0.084494 -0.045627	-0.097263 -0.052522	-0.091853 -0.049601	iter 5
-0.036833 -0.016575	-0.039200 -0.017640	-0.035093 -0.015792	-0.036722 -0.016525	-0.070118 -0.031553	-0.069718 -0.031373	-0.070133 -0.031560	-0.069896 -0.031453	iter 4
-0.017400 -0.006264	-0.020393 -0.007341	-0.015428 -0.005554	-0.017299 -0.006228	-0.042833 -0.015420	-0.047751 -0.017190	-0.039314 -0.014153	-0.042436 -0.015277	iter 3
-0.006746 -0.001822	-0.009048 -0.002443	-0.005435 -0.001467	-0.006716 -0.001813	-0.020155 -0.005442	-0.026296 -0.007100	-0.016443 -0.004440	-0.019901 -0.005373	iter 2
-0.002002 -0.000360	-0.003287 -0.000592	-0.001420 -0.000256	-0.002035 -0.000366	-0.006662 -0.001199	-0.010998 -0.001980	-0.004620 -0.000832	-0.006709 -0.001208	iter 1
-0.000374 -0.000034	-0.000910 -0.000082	-0.000220 -0.000020	-0.000425 -0.000038	-0.001147 -0.000103	-0.003129 -0.000282	-0.000598 -0.000054	-0.001353 -0.000122	iter 0
-0.000001 -0.000000	-0.000160 -0.000000	0.000003 0.000003	-0.000037 -0.000000	0.000107 0.000107	-0.000411 -0.000000	0.000116 0.000116	-0.000094 0.000000	

iter 10
-0.196000 -0.176400	-0.191091 -0.171982	-0.200642 -0.180578	-0.195985 -0.176386	-0.018874 -0.016987	-0.019121 -0.017209	-0.019912 -0.017921	-0.020114 -0.018103	iter 9
-0.176452 -0.142926	-0.168778 -0.136710	-0.183380 -0.148538	-0.176471 -0.142941	-0.048488 -0.039276	-0.048883 -0.039595	-0.053245 -0.043128	-0.053357 -0.043219	iter 8
-0.143185 -0.103093	-0.135946 -0.097881	-0.149418 -0.107581	-0.143263 -0.103149	-0.076766 -0.055272	-0.076743 -0.055255	-0.085986 -0.061910	-0.085322 -0.061432	iter 7
-0.103684 -0.065321	-0.099693 -0.062807	-0.107003 -0.067412	-0.103813 -0.065402	-0.092146 -0.058052	-0.091046 -0.057359	-0.102571 -0.064620	-0.100811 -0.063511	iter 6
-0.066204 -0.035750	-0.066202 -0.035749	-0.066352 -0.035830	-0.066334 -0.035820	-0.089188 -0.048162	-0.087153 -0.047063	-0.095569 -0.051607	-0.093501 -0.050491	iter 5
-0.036721 -0.016524	-0.039324 -0.017696	-0.035028 -0.015763	-0.036790 -0.016556	-0.070657 -0.031795	-0.068833 -0.030975	-0.070384 -0.031673	-0.069350 -0.031207	iter 4
-0.017340 -0.006243	-0.020445 -0.007360	-0.015397 -0.005543	-0.017322 -0.006236	-0.045313 -0.016313	-0.044794 -0.016126	-0.040460 -0.014565	-0.040967 -0.014748	iter 3
-0.006770 -0.001828	-0.009000 -0.002430	-0.005441 -0.001469	-0.006693 -0.001807	-0.022734 -0.006138	-0.023477 -0.006339	-0.017461 -0.004714	-0.018761 -0.005065	iter 2
-0.002081 -0.000375	-0.003187 -0.000574	-0.001444 -0.000260	-0.002000 -0.000360	-0.008324 -0.001498	-0.009403 -0.001693	-0.005167 -0.000930	-0.006231 -0.001122	iter 1
-0.000453 -0.000041	-0.000829 -0.000075	-0.000239 -0.000022	-0.000407 -0.000037	-0.001889 -0.000170	-0.002569 -0.000231	-0.000797 -0.000072	-0.001262 -0.000114	iter 0
-0.000048 0.000000	-0.000125 -0.000000	-0.000006 0.000000	-0.000035 -0.000000	-0.000117 -0.000000	-0.000339 -0.000000	0.000031 0.000031	-0.000054 -0.000000	

iter 10
-0.195994 -0.176395	-0.191085 -0.171977	-0.200654 -0.180589	-0.195997 -0.176398	-0.019535 -0.017582	-0.018395 -0.016555	-0.020675 -0.018607	-0.019591 -0.017632	iter 9
-0.176449 -0.142923	-0.168772 -0.136705	-0.183393 -0.148548	-0.176480 -0.142949	-0.051070 -0.041367	-0.046141 -0.037374	-0.055579 -0.045019	-0.051138 -0.041422	iter 8
-0.143197 -0.103102	-0.135926 -0.097866	-0.149439 -0.107596	-0.143258 -0.103146	-0.081398 -0.058606	-0.071788 -0.051687	-0.089702 -0.064586	-0.081528 -0.058700	iter 7
-0.103736 -0.065354	-0.099630 -0.062767	-0.107048 -0.067440	-0.103774 -0.065378	-0.096993 -0.061106	-0.085853 -0.054088	-0.106065 -0.066821	-0.097175 -0.061220	iter 6
-0.066305 -0.035805	-0.066086 -0.035686	-0.066420 -0.035867	-0.066263 -0.035782	-0.091789 -0.049566	-0.084494 -0.045627	-0.097263 -0.052522	-0.091853 -0.049601	iter 5
-0.036833 -0.016575	-0.039200 -0.017640	-0.035093 -0.015792	-0.036722 -0.016525	-0.070118 -0.031553	-0.069718 -0.031373	-0.070133 -0.031560	-0.069896 -0.031453	iter 4
-0.017400 -0.006264	-0.020393 -0.007341	-0.015428 -0.005554	-0.017299 -0.006228	-0.042833 -0.015420	-0.047751 -0.017190	-0.039314 -0.014153	-0.042436 -0.015277	iter 3
-0.006746 -0.001822	-0.009048 -0.002443	-0.005435 -0.001467	-0.006716 -0.001813	-0.020155 -0.005442	-0.026296 -0.007100	-0.016443 -0.004439	-0.019901 -0.005373	iter 2
-0.002002 -0.000360	-0.003287 -0.000592	-0.001420 -0.000256	-0.002035 -0.000366	-0.006662 -0.001199	-0.010998 -0.001980	-0.004620 -0.000832	-0.006709 -0.001208	iter 1
-0.000374 -0.000034	-0.000910 -0.000082	-0.000220 -0.000020	-0.000425 -0.000038	-0.001147 -0.000103	-0.003129 -0.000282	-0.000598 -0.000054	-0.001353 -0.000122	iter 0
-0.000001 0.000000	-0.000160 -0.000000	0.000003 0.000003	-0.000037 -0.000000	0.000107 0.000107	-0.000411 -0.000000	0.000116 0.000116	-0.000094 0.000000	

iter 10
-0.196000 -0.176400	-0.191091 -0.171982	-0.200642 -0.180578	-0.195985 -0.176386	-0.018874 -0.016987	-0.019121 -0.017209	-0.019912 -0.017921	-0.020114 -0.018103	iter 9
-0.176452 -0.142926	-0.168778 -0.136710	-0.183380 -0.148538	-0.176471 -0.142941	-0.048488 -0.039276	-0.048883 -0.039595	-0.053245 -0.043128	-0.053357 -0.043219	iter 8
-0.143185 -0.103093	-0.135946 -0.097881	-0.149418 -0.107581	-0.143263 -0.103149	-0.076766 -0.055272	-0.076743 -0.055255	-0.085986 -0.061910	-0.085322 -0.061432	iter 7
-0.103684 -0.065321	-0.099693 -0.062807	-0.107003 -0.067412	-0.103813 -0.065402	-0.092146 -0.058052	-0.091046 -0.057359	-0.102571 -0.064620	-0.100811 -0.063511	iter 6
-0.066204 -0.035750	-0.066202 -0.035749	-0.066352 -0.035830	-0.066334 -0.035820	-0.089188 -0.048162	-0.087153 -0.047063	-0.095569 -0.051607	-0.093501 -0.050491	iter 5
-0.036721 -0.016524	-0.039324 -0.017696	-0.035028 -0.015763	-0.036790 -0.016556	-0.070657 -0.031795	-0.068833 -0.030975	-0.070384 -0.031673	-0.069350 -0.031207	iter 4
-0.017340 -0.006243	-0.020445 -0.007360	-0.015397 -0.005543	-0.017322 -0.006236	-0.045313 -0.016313	-0.044794 -0.016126	-0.040460 -0.014565	-0.040967 -0.014748	iter 3
-0.006770 -0.001828	-0.009000 -0.002430	-0.005441 -0.001469	-0.006693 -0.001807	-0.022734 -0.006138	-0.023477 -0.006339	-0.017461 -0.004714	-0.018761 -0.005065	iter 2
-0.002081 -0.000375	-0.003187 -0.000574	-0.001444 -0.000260	-0.002000 -0.000360	-0.008324 -0.001498	-0.009403 -0.001693	-0.005167 -0.000930	-0.006231 -0.001122	iter 1
-0.000453 -0.000041	-0.000829 -0.000075	-0.000239 -0.000022	-0.000407 -0.000037	-0.001889 -0.000170	-0.002569 -0.000231	-0.000797 -0.000072	-0.001262 -0.000114	iter 0
-0.000048 -0.000000	-0.000125 -0.000000	-0.000006 0.000000	-0.000035 0.000000	-0.000117 -0.000000	-0.000339 -0.000000	0.000031 0.000031	-0.000054 -0.000000	

iter 10
-0.195994 -0.176395	-0.191100 -0.171990	-0.200640 -0.180576	-0.195997 -0.176398	-0.019535 -0.017582	-0.019785 -0.017806	-0.019354 -0.017419	-0.019590 -0.017631	iter 9
-0.176449 -0.142923	-0.168788 -0.136718	-0.183378 -0.148536	-0.176480 -0.142949	-0.051068 -0.041365	-0.051362 -0.041603	-0.050850 -0.041189	-0.051113 -0.041401	iter 8
-0.143198 -0.103103	-0.135968 -0.097897	-0.149404 -0.107571	-0.143258 -0.103146	-0.081371 -0.058587	-0.081060 -0.058363	-0.081684 -0.058812	-0.081416 -0.058620	iter 7
-0.103739 -0.065355	-0.099749 -0.062842	-0.106954 -0.067381	-0.103774 -0.065378	-0.096874 -0.061031	-0.095364 -0.060080	-0.098136 -0.061825	-0.096928 -0.061065	iter 6
-0.066308 -0.035806	-0.066297 -0.035800	-0.066261 -0.035781	-0.066259 -0.035780	-0.091530 -0.049426	-0.089179 -0.048157	-0.093302 -0.050383	-0.091558 -0.049441	iter 5
-0.036828 -0.016573	-0.039417 -0.017738	-0.034930 -0.015718	-0.036712 -0.016520	-0.069834 -0.031425	-0.067979 -0.030591	-0.071033 -0.031965	-0.069778 -0.031400	iter 4
-0.017382 -0.006257	-0.020480 -0.007373	-0.015349 -0.005525	-0.017285 -0.006223	-0.042783 -0.015402	-0.042537 -0.015313	-0.042771 -0.015398	-0.042645 -0.015352	iter 3
-0.006725 -0.001816	-0.008961 -0.002419	-0.005468 -0.001476	-0.006709 -0.001811	-0.020462 -0.005525	-0.021646 -0.005845	-0.019660 -0.005308	-0.020343 -0.005493	iter 2
-0.001999 -0.000360	-0.003121 -0.000562	-0.001514 -0.000272	-0.002045 -0.000368	-0.007147 -0.001286	-0.008650 -0.001557	-0.006405 -0.001153	-0.007137 -0.001285	iter 1
-0.000395 -0.000036	-0.000787 -0.000071	-0.000301 -0.000027	-0.000447 -0.000040	-0.001524 -0.000137	-0.002486 -0.000224	-0.001232 -0.000111	-0.001604 -0.000144	iter 0
-0.000028 0.000000	-0.000117 -0.000000	-0.000035 -0.000000	-0.000056 -0.000000	-0.000058 -0.000000	-0.000403 -0.000000	-0.000051 -0.000000	-0.000139 -0.000000	

iter 10
-0.196004 -0.176403	-0.191100 -0.171990	-0.200645 -0.180580	-0.195993 -0.176393	-0.019583 -0.017625	-0.019754 -0.017778	-0.019396 -0.017456	-0.019558 -0.017602	iter 9
-0.176457 -0.142930	-0.168788 -0.136718	-0.183382 -0.148539	-0.176477 -0.142946	-0.051117 -0.041405	-0.051336 -0.041582	-0.050883 -0.041215	-0.051082 -0.041376	iter 8
-0.143204 -0.103107	-0.135968 -0.097897	-0.149407 -0.107573	-0.143256 -0.103144	-0.081431 -0.058630	-0.081040 -0.058349	-0.081705 -0.058828	-0.081378 -0.058592	iter 7
-0.103743 -0.065358	-0.099749 -0.062842	-0.106955 -0.067382	-0.103773 -0.065377	-0.096929 -0.061065	-0.095351 -0.060071	-0.098146 -0.061832	-0.096893 -0.061043	iter 6
-0.066310 -0.035808	-0.066297 -0.035801	-0.066262 -0.035782	-0.066259 -0.035780	-0.091526 -0.049424	-0.089177 -0.048156	-0.093313 -0.050389	-0.091568 -0.049447	iter 5
-0.036830 -0.016573	-0.039417 -0.017738	-0.034930 -0.015719	-0.036712 -0.016520	-0.069740 -0.031383	-0.067992 -0.030597	-0.071054 -0.031974	-0.069847 -0.031431	iter 4
-0.017383 -0.006258	-0.020480 -0.007373	-0.015349 -0.005525	-0.017285 -0.006222	-0.042663 -0.015359	-0.042558 -0.015321	-0.042798 -0.015407	-0.042721 -0.015380	iter 3
-0.006724 -0.001815	-0.008961 -0.002420	-0.005468 -0.001476	-0.006710 -0.001812	-0.020420 -0.005513	-0.021658 -0.005848	-0.019670 -0.005311	-0.020367 -0.005499	iter 2
-0.001996 -0.000359	-0.003122 -0.000562	-0.001514 -0.000273	-0.002046 -0.000368	-0.007198 -0.001296	-0.008641 -0.001555	-0.006390 -0.001150	-0.007112 -0.001280	iter 1
-0.000394 -0.000035	-0.000788 -0.000071	-0.000302 -0.000027	-0.000448 -0.000040	-0.001598 -0.000144	-0.002466 -0.000222	-0.001209 -0.000109	-0.001573 -0.000142	iter 0
-0.000029 0.000000	-0.000117 0.000000	-0.000035 -0.000000	-0.000055 0.000000	-0.000100 -0.000000	-0.000387 -0.000000	-0.000038 -0.000000	-0.000125 -0.000000	

iter 10
-0.196004 -0.176403	-0.191090 -0.171981	-0.200654 -0.180589	-0.195993 -0.176394	-0.019580 -0.017622	-0.019755 -0.017780	-0.019394 -0.017455	-0.019561 -0.017605	iter 9
-0.176457 -0.142930	-0.168779 -0.136711	-0.183390 -0.148546	-0.176477 -0.142946	-0.051114 -0.041403	-0.051340 -0.041585	-0.050880 -0.041213	-0.051085 -0.041378	iter 8
-0.143204 -0.103107	-0.135962 -0.097892	-0.149412 -0.107577	-0.143256 -0.103144	-0.081429 -0.058629	-0.081046 -0.058353	-0.081701 -0.058825	-0.081379 -0.058593	iter 7
-0.103743 -0.065358	-0.099746 -0.062840	-0.106959 -0.067384	-0.103773 -0.065377	-0.096928 -0.061065	-0.095356 -0.060075	-0.098142 -0.061830	-0.096894 -0.061043	iter 6
-0.066311 -0.035808	-0.066295 -0.035800	-0.066264 -0.035782	-0.066259 -0.035780	-0.091525 -0.049423	-0.089181 -0.048158	-0.093310 -0.050387	-0.091569 -0.049447	iter 5
-0.036830 -0.016573	-0.039417 -0.017737	-0.034931 -0.015719	-0.036712 -0.016520	-0.069739 -0.031383	-0.067994 -0.030597	-0.071053 -0.031974	-0.069847 -0.031431	iter 4
-0.017383 -0.006258	-0.020480 -0.007373	-0.015349 -0.005526	-0.017285 -0.006222	-0.042663 -0.015359	-0.042559 -0.015321	-0.042797 -0.015407	-0.042721 -0.015380	iter 3
-0.006724 -0.001815	-0.008961 -0.002420	-0.005468 -0.001476	-0.006710 -0.001812	-0.020420 -0.005513	-0.021658 -0.005848	-0.019670 -0.005311	-0.020367 -0.005499	iter 2
-0.001996 -0.000359	-0.003122 -0.000562	-0.001514 -0.000273	-0.002046 -0.000368	-0.007198 -0.001296	-0.008642 -0.001555	-0.006390 -0.001150	-0.007112 -0.001280	iter 1
-0.000394 -0.000035	-0.000788 -0.000071	-0.000302 -0.000027	-0.000448 -0.000040	-0.001598 -0.000144	-0.002466 -0.000222	-0.001209 -0.000109	-0.001573 -0.000142	iter 0
-0.000029 -0.000000	-0.000117 -0.000000	-0.000035 -0.000000	-0.000055 -0.000000	-0.000100 0.000000	-0.000387 -0.000000	-0.000038 -0.000000	-0.000125 -0.000000	

iter 10
-0.196004 -0.176403	-0.191090 -0.171981	-0.200654 -0.180589	-0.195993 -0.176394	-0.019580 -0.017622	-0.019755 -0.017780	-0.019394 -0.017455	-0.019561 -0.017605	iter 9
-0.176457 -0.142930	-0.168779 -0.136711	-0.183390 -0.148546	-0.176477 -0.142946	-0.051114 -0.041403	-0.051340 -0.041585	-0.050880 -0.041213	-0.051085 -0.041378	iter 8
-0.143204 -0.103107	-0.135962 -0.097892	-0.149412 -0.107577	-0.143256 -0.103144	-0.081429 -0.058629	-0.081046 -0.058353	-0.081701 -0.058825	-0.081379 -0.058593	iter 7
-0.103743 -0.065358	-0.099746 -0.062840	-0.106959 -0.067384	-0.103773 -0.065377	-0.096928 -0.061065	-0.095356 -0.060075	-0.098142 -0.061830	-0.096894 -0.061043	iter 6
-0.066311 -0.035808	-0.066295 -0.035800	-0.066264 -0.035782	-0.066259 -0.035780	-0.091525 -0.049423	-0.089181 -0.048158	-0.093310 -0.050387	-0.091569 -0.049447	iter 5
-0.036830 -0.016573	-0.039417 -0.017737	-0.034931 -0.015719	-0.036712 -0.016520	-0.069739 -0.031383	-0.067994 -0.030597	-0.071053 -0.031974	-0.069847 -0.031431	iter 4
-0.017383 -0.006258	-0.020480 -0.007373	-0.015349 -0.005526	-0.017285 -0.006222	-0.042663 -0.015359	-0.042559 -0.015321	-0.042797 -0.015407	-0.042721 -0.015380	iter 3
-0.006724 -0.001815	-0.008961 -0.002420	-0.005468 -0.001476	-0.006710 -0.001812	-0.020420 -0.005513	-0.021658 -0.005848	-0.019670 -0.005311	-0.020367 -0.005499	iter 2
-0.001996 -0.000359	-0.003122 -0.000562	-0.001514 -0.000273	-0.002046 -0.000368	-0.007198 -0.001296	-0.008642 -0.001555	-0.006390 -0.001150	-0.007112 -0.001280	iter 1
-0.000394 -0.000035	-0.000788 -0.000071	-0.000302 -0.000027	-0.000448 -0.000040	-0.001598 -0.000144	-0.002466 -0.000222	-0.001209 -0.000109	-0.001573 -0.000142	iter 0
-0.000029 -0.000000	-0.000117 -0.000000	-0.000035 -0.000000	-0.000055 -0.000000	-0.000100 -0.000000	-0.000387 -0.000000	-0.000038 0.000000	-0.000125 -0.000000	

iter 10
-0.196004 -0.176403	-0.191090 -0.171981	-0.200654 -0.180589	-0.195993 -0.176394	-0.019580 -0.017622	-0.019755 -0.017780	-0.019394 -0.017455	-0.019561 -0.017605	iter 9
-0.176457 -0.142930	-0.168779 -0.136711	-0.183390 -0.148546	-0.176477 -0.142946	-0.051114 -0.041403	-0.051340 -0.041585	-0.050880 -0.041213	-0.051085 -0.041378	iter 8
-0.143204 -0.103107	-0.135962 -0.097892	-0.149412 -0.107577	-0.143256 -0.103144	-0.081429 -0.058629	-0.081046 -0.058353	-0.081701 -0.058825	-0.081379 -0.058593	iter 7
-0.103743 -0.065358	-0.099746 -0.062840	-0.106959 -0.067384	-0.103773 -0.065377	-0.096928 -0.061065	-0.095356 -0.060075	-0.098142 -0.061830	-0.096894 -0.061043	iter 6
-0.066311 -0.035808	-0.066295 -0.035800	-0.066264 -0.035782	-0.066259 -0.035780	-0.091525 -0.049423	-0.089181 -0.048158	-0.093310 -0.050387	-0.091569 -0.049447	iter 5
-0.036830 -0.016573	-0.039417 -0.017737	-0.034931 -0.015719	-0.036712 -0.016520	-0.069739 -0.031383	-0.067994 -0.030597	-0.071053 -0.031974	-0.069847 -0.031431	iter 4
-0.017383 -0.006258	-0.020480 -0.007373	-0.015349 -0.005526	-0.017285 -0.006222	-0.042663 -0.015359	-0.042559 -0.015321	-0.042797 -0.015407	-0.042721 -0.015380	iter 3
-0.006724 -0.001815	-0.008961 -0.002420	-0.005468 -0.001476	-0.006710 -0.001812	-0.020420 -0.005513	-0.021658 -0.005848	-0.019670 -0.005311	-0.020367 -0.005499	iter 2
-0.001996 -0.000359	-0.003122 -0.000562	-0.001514 -0.000273	-0.002046 -0.000368	-0.007198 -0.001296	-0.008641 -0.001555	-0.006390 -0.001150	-0.007112 -0.001280	iter 1
-0.000394 -0.000035	-0.000788 -0.000071	-0.000302 -0.000027	-0.000448 -0.000040	-0.001598 -0.000144	-0.002466 -0.000222	-0.001209 -0.000109	-0.001573 -0.000142	iter 0
-0.000029 0.000000	-0.000117 -0.000000	-0.000035 -0.000000	-0.000055 0.000000	-0.000100 -0.000000	-0.000387 -0.000000	-0.000038 -0.000000	-0.000125 -0.000000	

iter 10
-0.133066 -0.119759	-0.117303 -0.105573	-0.165080 -0.148572	-0.149700 -0.134730	1.233746 1.233746	1.757052 1.757052	-0.006206 -0.005586	0.517255 0.517255	-0.536421 -0.482779	iter 9
-0.120188 -0.097352	-0.104390 -0.084556	-0.149030 -0.120715	-0.134114 -0.108632	1.181039 1.181039	1.699636 1.699636	-0.050355 -0.040788	0.470636 0.470636	-0.485115 -0.392943	iter 8
-0.098114 -0.070642	-0.085704 -0.061707	-0.119363 -0.085942	-0.108072 -0.077812	1.106532 1.106532	1.613130 1.613130	-0.108807 -0.078341	0.405415 0.405415	-0.400382 -0.288275	iter 7
-0.071604 -0.045110	-0.064956 -0.040923	-0.083415 -0.052552	-0.077520 -0.048838	1.028994 1.028994	1.509374 1.509374	-0.156946 -0.098876	0.337968 0.337968	-0.302454 -0.190546	iter 6
-0.046082 -0.024884	-0.045270 -0.024446	-0.049817 -0.026901	-0.048856 -0.026382	0.964792 0.964792	1.401043 1.401043	-0.175162 -0.094587	0.281255 0.281255	-0.210220 -0.113519	iter 5
-0.025678 -0.011555	-0.028677 -0.012905	-0.024699 -0.011115	-0.026596 -0.011968	0.921713 0.921713	1.299514 1.299514	-0.159056 -0.071575	0.240639 0.240639	-0.134879 -0.060695	iter 4
-0.012064 -0.004343	-0.016197 -0.005831	-0.009691 -0.003489	-0.012220 -0.004399	0.898415 0.898415	1.213731 1.213731	-0.119723 -0.043100	0.214769 0.214769	-0.079404 -0.028586	iter 3
-0.004579 -0.001236	-0.007970 -0.002152	-0.002714 -0.000733	-0.004589 -0.001239	0.888554 0.888554	1.149219 1.149219	-0.074923 -0.020229	0.199430 0.199430	-0.041940 -0.011324	iter 2
-0.001295 -0.000233	-0.003345 -0.000602	-0.000364 -0.000065	-0.001344 -0.000242	0.885605 0.885605	1.107071 1.107071	-0.038616 -0.006951	0.190775 0.190775	-0.019056 -0.003430	iter 1
-0.000217 -0.000020	-0.001182 -0.000106	0.000091 0.000091	-0.000265 -0.000024	0.885306 0.885306	1.083846 1.083846	-0.015924 -0.001433	0.186242 0.186242	-0.006968 -0.000627	iter 0
0.000040 0.000040	-0.000392 -0.000000	0.000124 0.000124	-0.000014 0.000000	0.885651 0.885651	1.073621 1.073621	-0.004990 0.000000	0.184228 0.184228	-0.001875 0.000000	

iter 10
-0.195996 -0.176396	-0.191100 -0.171990	-0.200524 -0.180472	-0.195882 -0.176294	-0.016073 -0.014465	0.166733 0.166733	0.600482 0.600482	0.602313 0.602313	-0.000292 -0.000263	iter 9
-0.176439 -0.142915	-0.168748 -0.136686	-0.183235 -0.148420	-0.176318 -0.142817	-0.047956 -0.038844	0.133450 0.133450	0.564835 0.564835	0.574573 0.574573	-0.002382 -0.001930	iter 8
-0.143166 -0.103079	-0.135755 -0.097743	-0.149085 -0.107341	-0.142815 -0.102827	-0.079064 -0.056926	0.095908 0.095908	0.520498 0.520498	0.546829 0.546829	-0.007079 -0.005097	iter 7
-0.103667 -0.065310	-0.099169 -0.062477	-0.106235 -0.066928	-0.102748 -0.064731	-0.096178 -0.060592	0.063542 0.063542	0.476030 0.476030	0.525954 0.525954	-0.013375 -0.008426	iter 6
-0.066175 -0.035735	-0.065241 -0.035230	-0.065036 -0.035119	-0.064555 -0.034860	-0.093460 -0.050469	0.041574 0.041574	0.438329 0.438329	0.513706 0.513706	-0.018427 -0.009950	iter 5
-0.036635 -0.016486	-0.038000 -0.017100	-0.033369 -0.015016	-0.034620 -0.015579	-0.074857 -0.033686	0.029657 0.029657	0.410510 0.410510	0.507877 0.507877	-0.019527 -0.008787	iter 4
-0.017184 -0.006186	-0.019028 -0.006850	-0.013846 -0.004984	-0.015339 -0.005522	-0.050042 -0.018015	0.024159 0.024159	0.392170 0.392170	0.505287 0.505287	-0.016237 -0.005845	iter 3
-0.006605 -0.001783	-0.007824 -0.002112	-0.004375 -0.001181	-0.005333 -0.001440	-0.027965 -0.007551	0.021513 0.021513	0.381165 0.381165	0.503865 0.503865	-0.010594 -0.002860	iter 2
-0.001995 -0.000359	-0.002456 -0.000442	-0.000930 -0.000167	-0.001326 -0.000239	-0.012946 -0.002330	0.019896 0.019896	0.375185 0.375185	0.502880 0.502880	-0.005330 -0.000959	iter 1
-0.000464 -0.000042	-0.000513 -0.000046	-0.000088 -0.000008	-0.000189 -0.000017	-0.004843 -0.000436	0.018859 0.018859	0.372361 0.372361	0.502234 0.502234	-0.001984 -0.000179	iter 0
-0.000097 0.000000	-0.000047 -0.000000	0.000009 0.000009	-0.000003 -0.000000	-0.001386 -0.000000	0.018325 0.018325	0.371287 0.371287	0.501902 0.501902	-0.000509 -0.000000	

iter 10
-0.195990 -0.176391	-0.191100 -0.171990	-0.200645 -0.180581	-0.196006 -0.176405	-0.016918 -0.015226	0.000849 0.000849	0.185250 0.185250	0.259043 0.259043	-0.000266 -0.000239	iter 9
-0.176438 -0.142915	-0.168752 -0.136689	-0.183342 -0.148507	-0.176423 -0.142902	-0.048696 -0.039444	-0.032488 -0.026316	0.155637 0.155637	0.232607 0.232607	-0.003735 -0.003025	iter 8
-0.143211 -0.103112	-0.135691 -0.097697	-0.149303 -0.107498	-0.142935 -0.102913	-0.078331 -0.056398	-0.064261 -0.046268	0.128713 0.128713	0.208009 0.208009	-0.012082 -0.008699	iter 7
-0.103810 -0.065400	-0.098926 -0.062323	-0.106757 -0.067257	-0.102956 -0.064862	-0.092106 -0.058027	-0.080133 -0.050484	0.112752 0.112752	0.191598 0.191598	-0.023160 -0.014591	iter 6
-0.066421 -0.035867	-0.064789 -0.034986	-0.065917 -0.035595	-0.064906 -0.035049	-0.085640 -0.046245	-0.075764 -0.040912	0.108049 0.108049	0.183347 0.183347	-0.031439 -0.016977	iter 5
-0.036924 -0.016616	-0.037458 -0.016856	-0.034432 -0.015495	-0.035089 -0.015790	-0.065187 -0.029334	-0.057798 -0.026009	0.109450 0.109450	0.179471 0.179471	-0.032327 -0.014547	iter 4
-0.017435 -0.006277	-0.018575 -0.006687	-0.014807 -0.005330	-0.015820 -0.005695	-0.041362 -0.014890	-0.036931 -0.013295	0.111820 0.111820	0.176649 0.176649	-0.025919 -0.009331	iter 3
-0.006778 -0.001830	-0.007555 -0.002040	-0.005049 -0.001363	-0.005716 -0.001543	-0.021994 -0.005939	-0.020427 -0.005515	0.113031 0.113031	0.173819 0.173819	-0.016360 -0.004417	iter 2
-0.002093 -0.000377	-0.002342 -0.000422	-0.001307 -0.000235	-0.001564 -0.000282	-0.009644 -0.001736	-0.010036 -0.001806	0.113261 0.113261	0.171307 0.171307	-0.008082 -0.001455	iter 1
-0.000510 -0.000046	-0.000477 -0.000043	-0.000262 -0.000024	-0.000308 -0.000028	-0.003283 -0.000295	-0.004361 -0.000392	0.113171 0.113171	0.169528 0.169528	-0.003036 -0.000273	iter 0
-0.000114 -0.000000	-0.000037 0.000000	-0.000057 -0.000000	-0.000052 -0.000000	-0.000722 0.000000	-0.001570 0.000000	0.113070 0.113070	0.168536 0.168536	-0.000808 0.000000	

iter 10
-0.196016 -0.176414	-0.191102 -0.171992	-0.200655 -0.180589	-0.195994 -0.176394	-0.017086 -0.015377	-0.017812 -0.016031	0.071413 0.071413	0.115109 0.115109	-0.000689 -0.000620	iter 9
-0.176410 -0.142892	-0.168797 -0.136726	-0.183338 -0.148504	-0.176480 -0.142949	-0.046533 -0.037692	-0.047602 -0.038558	0.045787 0.045787	0.089821 0.089821	-0.004601 -0.003727	iter 8
-0.142886 -0.102878	-0.136026 -0.097939	-0.149120 -0.107367	-0.143264 -0.103150	-0.073419 -0.052862	-0.074415 -0.053579	0.023991 0.023991	0.067227 0.067227	-0.012939 -0.009316	iter 7
-0.102869 -0.064808	-0.099893 -0.062932	-0.106203 -0.066908	-0.103744 -0.065359	-0.086252 -0.054339	-0.086403 -0.054434	0.013138 0.013138	0.053384 0.053384	-0.023534 -0.014826	iter 6
-0.064778 -0.034980	-0.066496 -0.035908	-0.065000 -0.035100	-0.066100 -0.035694	-0.081565 -0.044045	-0.080399 -0.043415	0.012924 0.012924	0.048097 0.048097	-0.031406 -0.016959	iter 5
-0.034881 -0.015696	-0.039588 -0.017815	-0.033400 -0.015030	-0.036369 -0.016366	-0.064213 -0.028896	-0.062198 -0.027989	0.018157 0.018157	0.047457 0.047457	-0.032430 -0.014593	iter 4
-0.015500 -0.005580	-0.020577 -0.007408	-0.013953 -0.005023	-0.016840 -0.006062	-0.042617 -0.015342	-0.040985 -0.014755	0.023655 0.023655	0.047705 0.047705	-0.026499 -0.009540	iter 3
-0.005321 -0.001437	-0.009023 -0.002436	-0.004509 -0.001218	-0.006333 -0.001710	-0.023708 -0.006401	-0.023448 -0.006331	0.027078 0.027078	0.047155 0.047155	-0.017200 -0.004644	iter 2
-0.001195 -0.000215	-0.003202 -0.000576	-0.001043 -0.000188	-0.001847 -0.000332	-0.010730 -0.001931	-0.011771 -0.002119	0.028547 0.028547	0.045862 0.045862	-0.008752 -0.001575	iter 1
-0.000049 -0.000004	-0.000884 -0.000080	-0.000163 -0.000015	-0.000402 -0.000036	-0.003670 -0.000330	-0.005116 -0.000460	0.028971 0.028971	0.044502 0.044502	-0.003358 -0.000302	iter 0
0.000083 0.000083	-0.000171 0.000000	-0.000001 0.000000	-0.000126 -0.000000	-0.000799 -0.000000	-0.001801 0.000000	0.029009 0.029009	0.043561 0.043561	-0.000897 -0.000000	

iter 10
-0.195969 -0.176372	-0.191038 -0.171935	-0.200653 -0.180587	-0.195975 -0.176377	-0.018766 -0.016889	-0.019453 -0.017508	0.009046 0.009046	0.023025 0.023025	-0.000815 -0.000733	iter 9
-0.176435 -0.142913	-0.168677 -0.136628	-0.183390 -0.148546	-0.176407 -0.142889	-0.049934 -0.040447	-0.050883 -0.041215	-0.016967 -0.013743	-0.002409 -0.001951	-0.006105 -0.004945	iter 8
-0.143257 -0.103145	-0.135568 -0.097609	-0.149495 -0.107637	-0.142984 -0.102949	-0.077910 -0.056095	-0.076002 -0.054721	-0.036393 -0.026203	-0.024640 -0.017741	-0.019897 -0.014326	iter 7
-0.104081 -0.065571	-0.098811 -0.062251	-0.107206 -0.067539	-0.103109 -0.064958	-0.083327 -0.052496	-0.079221 -0.049909	-0.041358 -0.026055	-0.034057 -0.021456	-0.036522 -0.023009	iter 6
-0.066898 -0.036125	-0.064771 -0.034977	-0.066522 -0.035922	-0.065172 -0.035193	-0.066806 -0.036075	-0.062562 -0.033784	-0.036393 -0.019652	-0.034427 -0.018591	-0.046590 -0.025159	iter 5
-0.037411 -0.016835	-0.037601 -0.016921	-0.034968 -0.015736	-0.035416 -0.015937	-0.040076 -0.018034	-0.038314 -0.017241	-0.029591 -0.013316	-0.032566 -0.014654	-0.045674 -0.020553	iter 4
-0.017790 -0.006404	-0.018856 -0.006788	-0.015150 -0.005454	-0.016126 -0.005805	-0.013931 -0.005015	-0.017041 -0.006135	-0.025294 -0.009106	-0.031937 -0.011497	-0.036748 -0.013229	iter 3
-0.007008 -0.001892	-0.007885 -0.002129	-0.005245 -0.001416	-0.005964 -0.001610	0.006656 0.006656	-0.001493 -0.000403	-0.023879 -0.006447	-0.028946 -0.007815	-0.025890 -0.006990	iter 2
-0.002305 -0.000415	-0.002644 -0.000476	-0.001455 -0.000262	-0.001759 -0.000317	0.022353 0.022353	0.010077 0.010077	-0.017555 -0.003160	-0.019507 -0.003511	-0.016754 -0.003016	iter 1
-0.000773 -0.000070	-0.000655 -0.000059	-0.000425 -0.000038	-0.000467 -0.000042	0.035213 0.035213	0.019951 0.019951	-0.010878 -0.000979	-0.011158 -0.001004	-0.009445 -0.000850	iter 0
-0.000342 -0.000000	-0.000128 -0.000000	-0.000186 -0.000000	-0.000172 -0.000000	0.043648 0.043648	0.027111 0.027111	-0.005802 -0.000000	-0.005602 0.000000	-0.004589 -0.000000	

iter 10
-0.196046 -0.176442	-0.191107 -0.171997	-0.200659 -0.180593	-0.195975 -0.176378	0.031227 0.031227	0.014085 0.014085	-0.019957 -0.017961	-0.019452 -0.017507	-0.001414 -0.001273	iter 9
-0.176458 -0.142931	-0.168807 -0.136734	-0.183357 -0.148519	-0.176469 -0.142940	0.002040 0.002040	-0.017257 -0.013978	-0.049242 -0.039886	-0.050098 -0.040579	-0.008084 -0.006548	iter 8
-0.142991 -0.102954	-0.136067 -0.097968	-0.149234 -0.107449	-0.143327 -0.103196	-0.023567 -0.016968	-0.042694 -0.030740	-0.070948 -0.051083	-0.075041 -0.054030	-0.023867 -0.017185	iter 7
-0.103098 -0.064952	-0.100153 -0.063096	-0.106479 -0.067082	-0.104038 -0.065544	-0.028013 -0.017648	-0.047375 -0.029846	-0.078302 -0.049330	-0.087190 -0.054929	-0.043174 -0.027200	iter 6
-0.065189 -0.035202	-0.066992 -0.036176	-0.065452 -0.035344	-0.066603 -0.035965	-0.012130 -0.006550	-0.033614 -0.018152	-0.075555 -0.040800	-0.090152 -0.048682	-0.056544 -0.030534	iter 5
-0.035479 -0.015965	-0.040149 -0.018067	-0.033962 -0.015283	-0.036914 -0.016611	0.013436 0.013436	-0.010835 -0.004876	-0.070329 -0.031648	-0.084475 -0.038014	-0.059388 -0.026724	iter 4
-0.016232 -0.005844	-0.021147 -0.007613	-0.014499 -0.005220	-0.017332 -0.006240	0.042878 0.042878	0.013095 0.013095	-0.060455 -0.021764	-0.068408 -0.024627	-0.053333 -0.019200	iter 3
-0.006016 -0.001624	-0.009687 -0.002616	-0.004991 -0.001348	-0.006840 -0.001847	0.073962 0.073962	0.036462 0.036462	-0.045125 -0.012184	-0.048967 -0.013221	-0.041337 -0.011161	iter 2
-0.001697 -0.000305	-0.003912 -0.000704	-0.001460 -0.000263	-0.002362 -0.000425	0.101215 0.101215	0.058128 0.058128	-0.030323 -0.005458	-0.031490 -0.005668	-0.027479 -0.004946	iter 1
-0.000345 -0.000031	-0.001517 -0.000136	-0.000480 -0.000043	-0.000821 -0.000074	0.121739 0.121739	0.075276 0.075276	-0.018331 -0.001650	-0.018200 -0.001638	-0.015636 -0.001407	iter 0
-0.000054 0.000000	-0.000655 -0.000000	-0.000238 -0.000000	-0.000342 -0.000000	0.135354 0.135354	0.087317 0.087317	-0.009697 0.000000	-0.009287 -0.000000	-0.007653 0.000000	

iter 10
-0.196034 -0.176430	-0.191045 -0.171941	-0.200657 -0.180591	-0.195926 -0.176334	0.126125 0.126125	0.077260 0.077260	-0.020794 -0.018715	-0.019611 -0.017650	-0.001445 -0.001301	iter 9
-0.176494 -0.142960	-0.168702 -0.136649	-0.183394 -0.148549	-0.176385 -0.142872	0.095041 0.095041	0.044082 0.044082	-0.053983 -0.043726	-0.051084 -0.041378	-0.007774 -0.006297	iter 8
-0.143288 -0.103167	-0.135715 -0.097715	-0.149427 -0.107587	-0.143014 -0.102970	0.066493 0.066493	0.012368 0.012368	-0.087134 -0.062736	-0.082411 -0.059336	-0.021689 -0.015616	iter 7
-0.103933 -0.065478	-0.099134 -0.062454	-0.106983 -0.067399	-0.103233 -0.065037	0.054212 0.054212	-0.002866 -0.001805	-0.105760 -0.066629	-0.101732 -0.064091	-0.040763 -0.025681	iter 6
-0.066662 -0.035997	-0.065228 -0.035223	-0.066304 -0.035804	-0.065405 -0.035319	0.063890 0.063890	0.005306 0.005306	-0.106242 -0.057371	-0.104023 -0.056172	-0.057069 -0.030817	iter 5
-0.037368 -0.016816	-0.038088 -0.017140	-0.034983 -0.015743	-0.035734 -0.016080	0.090863 0.090863	0.030227 0.030227	-0.091291 -0.041081	-0.091920 -0.041364	-0.063541 -0.028593	iter 4
-0.018126 -0.006525	-0.019252 -0.006931	-0.015494 -0.005578	-0.016500 -0.005940	0.125987 0.125987	0.062218 0.062218	-0.069864 -0.025151	-0.072234 -0.026004	-0.058147 -0.020933	iter 3
-0.007642 -0.002063	-0.008146 -0.002200	-0.005768 -0.001557	-0.006338 -0.001711	0.160643 0.160643	0.092440 0.092440	-0.049189 -0.013281	-0.051356 -0.013866	-0.044791 -0.012094	iter 2
-0.002968 -0.000534	-0.002781 -0.000500	-0.001938 -0.000349	-0.002077 -0.000374	0.189728 0.189728	0.117008 0.117008	-0.032271 -0.005809	-0.033205 -0.005977	-0.029539 -0.005317	iter 1
-0.001241 -0.000112	-0.000758 -0.000068	-0.000726 -0.000065	-0.000690 -0.000062	0.211384 0.211384	0.135396 0.135396	-0.019429 -0.001749	-0.019385 -0.001745	-0.016785 -0.001511	iter 0
-0.000623 -0.000000	-0.000191 -0.000000	-0.000342 -0.000000	-0.000305 -0.000000	0.225813 0.225813	0.148114 0.148114	-0.010334 0.000000	-0.010007 0.000000	-0.008268 -0.000000	

iter 10
-0.196095 -0.176485	-0.191117 -0.172005	-0.200654 -0.180588	-0.195935 -0.176341	0.217285 0.217285	0.138551 0.138551	-0.017047 -0.015343	-0.015297 -0.013768	-0.001106 -0.000996	iter 9
-0.176494 -0.142960	-0.168803 -0.136731	-0.183349 -0.148513	-0.176429 -0.142907	0.187693 0.187693	0.106974 0.106974	-0.049319 -0.039948	-0.046162 -0.037391	-0.006943 -0.005624	iter 8
-0.143033 -0.102984	-0.136026 -0.097939	-0.149196 -0.107421	-0.143229 -0.103125	0.160888 0.160888	0.077143 0.077143	-0.081445 -0.058640	-0.076807 -0.055301	-0.020152 -0.014509	iter 7
-0.103169 -0.064997	-0.099919 -0.062949	-0.106415 -0.067041	-0.103766 -0.065373	0.149052 0.149052	0.062477 0.062477	-0.100832 -0.063524	-0.096143 -0.060570	-0.038411 -0.024199	iter 6
-0.065275 -0.035249	-0.066624 -0.035977	-0.065383 -0.035307	-0.066254 -0.035777	0.156712 0.156712	0.068285 0.068285	-0.102197 -0.055187	-0.099499 -0.053729	-0.054644 -0.029508	iter 5
-0.035533 -0.015990	-0.039914 -0.017961	-0.033924 -0.015266	-0.036719 -0.016523	0.180193 0.180193	0.090203 0.090203	-0.089087 -0.040089	-0.089242 -0.040159	-0.061715 -0.027772	iter 4
-0.016193 -0.005829	-0.021151 -0.007614	-0.014533 -0.005232	-0.017377 -0.006256	0.211769 0.211769	0.119169 0.119169	-0.069350 -0.024966	-0.071317 -0.025674	-0.057353 -0.020647	iter 3
-0.005933 -0.001602	-0.009793 -0.002644	-0.005058 -0.001366	-0.006964 -0.001880	0.244081 0.244081	0.147504 0.147504	-0.049556 -0.013380	-0.051517 -0.013910	-0.044898 -0.012123	iter 2
-0.001646 -0.000296	-0.004026 -0.000725	-0.001498 -0.000270	-0.002445 -0.000440	0.272192 0.272192	0.171356 0.171356	-0.032812 -0.005906	-0.033745 -0.006074	-0.030056 -0.005410	iter 1
-0.000319 -0.000029	-0.001608 -0.000145	-0.000497 -0.000045	-0.000866 -0.000078	0.293732 0.293732	0.189657 0.189657	-0.019843 -0.001786	-0.019903 -0.001791	-0.017287 -0.001556	iter 0
-0.000039 0.000000	-0.000718 -0.000000	-0.000248 -0.000000	-0.000365 -0.000000	0.308370 0.308370	0.202471 0.202471	-0.010591 0.000000	-0.010366 0.000000	-0.008599 0.000000	

iter 10
-0.189318 -0.170386	-0.211651 -0.190486	-0.201161 -0.181045	-0.221522 -0.199370	0.125424 0.125424	-0.020927 -0.018834	0.140539 0.140539	-0.005899 -0.005309	-0.381051 -0.342946	iter 9
-0.171171 -0.138649	-0.186935 -0.151417	-0.185111 -0.149940	-0.197966 -0.160352	0.068554 0.068554	-0.072266 -0.058536	0.080491 0.080491	-0.050929 -0.041253	-0.349669 -0.283232	iter 8
-0.140131 -0.100894	-0.150274 -0.108198	-0.151620 -0.109167	-0.158829 -0.114357	-0.009729 -0.007005	-0.125232 -0.090167	-0.008122 -0.005848	-0.098804 -0.071139	-0.302840 -0.218044	iter 7
-0.102940 -0.064852	-0.110061 -0.069338	-0.108598 -0.068417	-0.113219 -0.071328	-0.092194 -0.058082	-0.145914 -0.091926	-0.096077 -0.060529	-0.138370 -0.087173	-0.268779 -0.169331	iter 6
-0.067019 -0.036190	-0.073190 -0.039523	-0.067677 -0.036546	-0.071643 -0.038687	-0.128859 -0.069584	-0.141578 -0.076452	-0.143491 -0.077485	-0.158077 -0.085362	-0.246240 -0.132969	iter 5
-0.038379 -0.017271	-0.043951 -0.019778	-0.036593 -0.016467	-0.040112 -0.018051	-0.126238 -0.056807	-0.120766 -0.054345	-0.153323 -0.068995	-0.156856 -0.070585	-0.223382 -0.100522	iter 4
-0.019458 -0.007005	-0.023706 -0.008534	-0.017458 -0.006285	-0.019987 -0.007195	-0.104427 -0.037594	-0.094301 -0.033948	-0.140045 -0.050416	-0.140574 -0.050607	-0.191923 -0.069092	iter 3
-0.009157 -0.002472	-0.011586 -0.003128	-0.007880 -0.002128	-0.009212 -0.002487	-0.079256 -0.021399	-0.069127 -0.018664	-0.116368 -0.031419	-0.116378 -0.031422	-0.152713 -0.041233	iter 2
-0.004516 -0.000813	-0.005410 -0.000974	-0.003901 -0.000702	-0.004371 -0.000787	-0.057113 -0.010280	-0.048014 -0.008643	-0.089528 -0.016115	-0.089669 -0.016140	-0.111783 -0.020121	iter 1
-0.002640 -0.000238	-0.002696 -0.000243	-0.002331 -0.000210	-0.002419 -0.000218	-0.038984 -0.003509	-0.031434 -0.002829	-0.063506 -0.005716	-0.063983 -0.005759	-0.074885 -0.006740	iter 0
-0.001735 0.000000	-0.001534 0.000000	-0.001507 -0.000000	-0.001514 -0.000000	-0.024627 -0.000000	-0.019015 -0.000000	-0.040969 0.000000	-0.041709 -0.000000	-0.046219 -0.000000	

iter 10
-0.196362 -0.176726	-0.191101 -0.171991	-0.200662 -0.180596	-0.195688 -0.176119	-0.011259 -0.010133	-0.011171 -0.010054	-0.019881 -0.017893	-0.018958 -0.017062	-0.001958 -0.001762	iter 9
-0.176759 -0.143175	-0.168788 -0.136718	-0.183383 -0.148540	-0.176233 -0.142748	-0.045217 -0.036626	-0.041258 -0.033419	-0.051271 -0.041530	-0.048331 -0.039148	-0.012090 -0.009793	iter 8
-0.143472 -0.103300	-0.135957 -0.097889	-0.149446 -0.107601	-0.143091 -0.103025	-0.077365 -0.055702	-0.067697 -0.048742	-0.081693 -0.058819	-0.076463 -0.055053	-0.034470 -0.024819	iter 7
-0.104038 -0.065544	-0.099697 -0.062809	-0.107118 -0.067485	-0.103696 -0.065329	-0.093103 -0.058655	-0.079661 -0.050186	-0.099990 -0.062994	-0.094149 -0.059314	-0.064387 -0.040564	iter 6
-0.066675 -0.036004	-0.066220 -0.035759	-0.066586 -0.035956	-0.066298 -0.035801	-0.088900 -0.048006	-0.076177 -0.041136	-0.103115 -0.055682	-0.098773 -0.053337	-0.090147 -0.048679	iter 5
-0.037288 -0.016780	-0.039459 -0.017757	-0.035403 -0.015931	-0.036937 -0.016622	-0.072540 -0.032643	-0.063573 -0.028608	-0.095121 -0.042804	-0.092881 -0.041797	-0.101612 -0.045725	iter 4
-0.017982 -0.006474	-0.020855 -0.007508	-0.015978 -0.005752	-0.017792 -0.006405	-0.054386 -0.019579	-0.048793 -0.017566	-0.081506 -0.029342	-0.080543 -0.028996	-0.096687 -0.034807	iter 3
-0.007500 -0.002025	-0.009771 -0.002638	-0.006281 -0.001696	-0.007531 -0.002033	-0.039841 -0.010757	-0.035610 -0.009615	-0.065735 -0.017748	-0.065204 -0.017605	-0.080411 -0.021711	iter 2
-0.002892 -0.000521	-0.004242 -0.000764	-0.002463 -0.000443	-0.003070 -0.000553	-0.029006 -0.005221	-0.024962 -0.004493	-0.049658 -0.008938	-0.049367 -0.008886	-0.059852 -0.010773	iter 1
-0.001252 -0.000113	-0.001947 -0.000175	-0.001227 -0.000110	-0.001454 -0.000131	-0.020337 -0.001830	-0.016602 -0.001494	-0.034751 -0.003128	-0.034771 -0.003129	-0.040288 -0.003626	iter 0
-0.000694 -0.000000	-0.001075 0.000000	-0.000768 -0.000000	-0.000845 -0.000000	-0.013104 0.000000	-0.010176 -0.000000	-0.022234 -0.000000	-0.022502 -0.000000	-0.024883 -0.000000	

iter 10
-0.195956 -0.176360	-0.191280 -0.172152	-0.200463 -0.180417	-0.196025 -0.176422	-0.015448 -0.013903	-0.014853 -0.013368	-0.019768 -0.017792	-0.018914 -0.017022	-0.002087 -0.001878	iter 9
-0.176422 -0.142902	-0.168944 -0.136845	-0.183238 -0.148423	-0.176501 -0.142966	-0.048868 -0.039583	-0.044321 -0.035900	-0.051183 -0.041458	-0.048221 -0.039059	-0.012489 -0.010116	iter 8
-0.143242 -0.103134	-0.136068 -0.097969	-0.149368 -0.107545	-0.143271 -0.103155	-0.080198 -0.057743	-0.069946 -0.050361	-0.081667 -0.058800	-0.076334 -0.054961	-0.035101 -0.025273	iter 7
-0.103915 -0.065466	-0.099758 -0.062848	-0.107094 -0.067469	-0.103796 -0.065392	-0.095089 -0.059906	-0.081156 -0.051128	-0.100071 -0.063045	-0.094078 -0.059269	-0.065123 -0.041028	iter 6
-0.066629 -0.035980	-0.066246 -0.035773	-0.066593 -0.035960	-0.066345 -0.035826	-0.090193 -0.048704	-0.077120 -0.041645	-0.103319 -0.055792	-0.098811 -0.053358	-0.090863 -0.049066	iter 5
-0.037284 -0.016778	-0.039467 -0.017760	-0.035420 -0.015939	-0.036958 -0.016631	-0.073349 -0.033007	-0.064171 -0.028877	-0.095420 -0.042939	-0.093022 -0.041860	-0.102234 -0.046005	iter 4
-0.017993 -0.006477	-0.020858 -0.007509	-0.015994 -0.005758	-0.017803 -0.006409	-0.054891 -0.019761	-0.049189 -0.017708	-0.081844 -0.029464	-0.080740 -0.029066	-0.097191 -0.034989	iter 3
-0.007512 -0.002028	-0.009776 -0.002640	-0.006293 -0.001699	-0.007540 -0.002036	-0.040162 -0.010844	-0.035885 -0.009689	-0.066054 -0.017834	-0.065404 -0.017659	-0.080799 -0.021816	iter 2
-0.002902 -0.000522	-0.004249 -0.000765	-0.002471 -0.000445	-0.003078 -0.000554	-0.029215 -0.005259	-0.025156 -0.004528	-0.049921 -0.008986	-0.049536 -0.008916	-0.060135 -0.010824	iter 1
-0.001258 -0.000113	-0.001953 -0.000176	-0.001233 -0.000111	-0.001459 -0.000131	-0.020474 -0.001843	-0.016739 -0.001506	-0.034944 -0.003145	-0.034896 -0.003141	-0.040481 -0.003643	iter 0
-0.000698 0.000000	-0.001079 -0.000000	-0.000772 0.000000	-0.000849 -0.000000	-0.013189 -0.000000	-0.010267 0.000000	-0.022361 -0.000000	-0.022584 -0.000000	-0.025004 0.000000	

iter 10
-0.196180 -0.176562	-0.191052 -0.171946	-0.200669 -0.180602	-0.195813 -0.176231	-0.014760 -0.013284	-0.014192 -0.012772	-0.020206 -0.018186	-0.019223 -0.017301	-0.002078 -0.001871	iter 9
-0.176610 -0.143054	-0.168748 -0.136686	-0.183398 -0.148552	-0.176333 -0.142829	-0.046261 -0.037471	-0.041847 -0.033896	-0.052877 -0.042831	-0.049445 -0.040050	-0.012435 -0.010072	iter 8
-0.143316 -0.103187	-0.135988 -0.097911	-0.149425 -0.107586	-0.143207 -0.103109	-0.075439 -0.054316	-0.065548 -0.047195	-0.084868 -0.061105	-0.078698 -0.056663	-0.034964 -0.025174	iter 7
-0.103806 -0.065398	-0.099871 -0.062919	-0.107017 -0.067421	-0.103876 -0.065442	-0.089870 -0.056618	-0.076484 -0.048185	-0.103797 -0.065392	-0.096874 -0.061031	-0.064954 -0.040921	iter 6
-0.066372 -0.035841	-0.066518 -0.035920	-0.066429 -0.035871	-0.066517 -0.035919	-0.087034 -0.046998	-0.074399 -0.040175	-0.105901 -0.057187	-0.100747 -0.054404	-0.090793 -0.049028	iter 5
-0.037024 -0.016661	-0.039742 -0.017884	-0.035273 -0.015873	-0.037110 -0.016700	-0.073437 -0.033047	-0.064291 -0.028931	-0.095861 -0.043138	-0.093305 -0.041987	-0.102329 -0.046048	iter 4
-0.017876 -0.006435	-0.020971 -0.007550	-0.015936 -0.005737	-0.017856 -0.006428	-0.057220 -0.020599	-0.051165 -0.018419	-0.080583 -0.029010	-0.079708 -0.028695	-0.097361 -0.035050	iter 3
-0.007584 -0.002048	-0.009680 -0.002614	-0.006321 -0.001707	-0.007500 -0.002025	-0.042770 -0.011548	-0.038043 -0.010272	-0.064360 -0.017377	-0.064052 -0.017294	-0.080905 -0.021844	iter 2
-0.003105 -0.000559	-0.004016 -0.000723	-0.002536 -0.000456	-0.003003 -0.000541	-0.030872 -0.005557	-0.026518 -0.004773	-0.048743 -0.008774	-0.048590 -0.008746	-0.060138 -0.010825	iter 1
-0.001507 -0.000136	-0.001689 -0.000152	-0.001291 -0.000116	-0.001398 -0.000126	-0.021150 -0.001903	-0.017307 -0.001558	-0.034421 -0.003098	-0.034452 -0.003101	-0.040435 -0.003639	iter 0
-0.000927 -0.000000	-0.000851 -0.000000	-0.000807 -0.000000	-0.000818 -0.000000	-0.013385 -0.000000	-0.010451 -0.000000	-0.022193 -0.000000	-0.022417 -0.000000	-0.024963 -0.000000	

iter 10
-0.196192 -0.176573	-0.191097 -0.171987	-0.200658 -0.180592	-0.195832 -0.176249	-0.015508 -0.013957	-0.014932 -0.013438	-0.019750 -0.017775	-0.018900 -0.017010	-0.002085 -0.001876	iter 9
-0.176625 -0.143066	-0.168784 -0.136715	-0.183393 -0.148549	-0.176347 -0.142841	-0.048976 -0.039670	-0.044439 -0.035996	-0.051168 -0.041446	-0.048177 -0.039023	-0.012482 -0.010111	iter 8
-0.143393 -0.103243	-0.135950 -0.097884	-0.149473 -0.107621	-0.143167 -0.103080	-0.080368 -0.057865	-0.070094 -0.050468	-0.081694 -0.058820	-0.076249 -0.054899	-0.035084 -0.025260	iter 7
-0.104011 -0.065527	-0.099687 -0.062803	-0.107155 -0.067508	-0.103739 -0.065356	-0.095322 -0.060053	-0.081319 -0.051231	-0.100165 -0.063104	-0.093955 -0.059191	-0.065098 -0.041012	iter 6
-0.066681 -0.036008	-0.066210 -0.035754	-0.066622 -0.035976	-0.066320 -0.035813	-0.090462 -0.048850	-0.077289 -0.041736	-0.103469 -0.055873	-0.098666 -0.053280	-0.090840 -0.049054	iter 5
-0.037307 -0.016788	-0.039453 -0.017754	-0.035432 -0.015945	-0.036950 -0.016628	-0.073616 -0.033127	-0.064345 -0.028955	-0.095588 -0.043014	-0.092876 -0.041794	-0.102224 -0.046001	iter 4
-0.018002 -0.006481	-0.020854 -0.007507	-0.015999 -0.005760	-0.017802 -0.006409	-0.055123 -0.019844	-0.049367 -0.017772	-0.081996 -0.029519	-0.080605 -0.029018	-0.097194 -0.034990	iter 3
-0.007516 -0.002029	-0.009775 -0.002639	-0.006295 -0.001700	-0.007540 -0.002036	-0.040348 -0.010894	-0.036057 -0.009736	-0.066175 -0.017867	-0.065288 -0.017628	-0.080811 -0.021819	iter 2
-0.002904 -0.000523	-0.004247 -0.000765	-0.002473 -0.000445	-0.003078 -0.000554	-0.029355 -0.005284	-0.025312 -0.004556	-0.050011 -0.009002	-0.049442 -0.008900	-0.060151 -0.010827	iter 1
-0.001260 -0.000113	-0.001952 -0.000176	-0.001234 -0.000111	-0.001459 -0.000131	-0.020572 -0.001851	-0.016867 -0.001518	-0.035008 -0.003151	-0.034826 -0.003134	-0.040496 -0.003645	iter 0
-0.000700 -0.000000	-0.001078 -0.000000	-0.000773 -0.000000	-0.000849 -0.000000	-0.013251 -0.000000	-0.010364 -0.000000	-0.022404 -0.000000	-0.022537 -0.000000	-0.025017 -0.000000	

iter 10
-0.196180 -0.176562	-0.191052 -0.171947	-0.200668 -0.180601	-0.195812 -0.176231	-0.014807 -0.013326	-0.014251 -0.012826	-0.020211 -0.018189	-0.019219 -0.017297	-0.002077 -0.001869	iter 9
-0.176610 -0.143054	-0.168749 -0.136686	-0.183397 -0.148552	-0.176332 -0.142829	-0.046310 -0.037511	-0.041899 -0.033938	-0.052921 -0.042866	-0.049426 -0.040035	-0.012428 -0.010067	iter 8
-0.143316 -0.103188	-0.135988 -0.097912	-0.149424 -0.107585	-0.143206 -0.103108	-0.075513 -0.054369	-0.065598 -0.047230	-0.084982 -0.061187	-0.078652 -0.056629	-0.034946 -0.025161	iter 7
-0.103807 -0.065398	-0.099871 -0.062919	-0.107016 -0.067420	-0.103874 -0.065441	-0.089999 -0.056699	-0.076548 -0.048225	-0.103980 -0.065508	-0.096794 -0.060980	-0.064927 -0.040904	iter 6
-0.066373 -0.035841	-0.066517 -0.035919	-0.066428 -0.035871	-0.066515 -0.035918	-0.087225 -0.047101	-0.074497 -0.040229	-0.106113 -0.057301	-0.100638 -0.054345	-0.090768 -0.049015	iter 5
-0.037024 -0.016661	-0.039741 -0.017883	-0.035273 -0.015873	-0.037109 -0.016699	-0.073665 -0.033149	-0.064431 -0.028994	-0.096055 -0.043225	-0.093179 -0.041931	-0.102316 -0.046042	iter 4
-0.017875 -0.006435	-0.020970 -0.007549	-0.015937 -0.005737	-0.017856 -0.006428	-0.057448 -0.020681	-0.051334 -0.018480	-0.080734 -0.029064	-0.079580 -0.028649	-0.097362 -0.035050	iter 3
-0.007582 -0.002047	-0.009680 -0.002614	-0.006321 -0.001707	-0.007501 -0.002025	-0.042967 -0.011601	-0.038218 -0.010319	-0.064470 -0.017407	-0.063935 -0.017262	-0.080915 -0.021847	iter 2
-0.003104 -0.000559	-0.004017 -0.000723	-0.002536 -0.000457	-0.003004 -0.000541	-0.031027 -0.005585	-0.026679 -0.004802	-0.048821 -0.008788	-0.048491 -0.008728	-0.060151 -0.010827	iter 1
-0.001506 -0.000135	-0.001691 -0.000152	-0.001292 -0.000116	-0.001399 -0.000126	-0.021261 -0.001913	-0.017440 -0.001570	-0.034474 -0.003103	-0.034376 -0.003094	-0.040447 -0.003640	iter 0
-0.000925 0.000000	-0.000852 -0.000000	-0.000807 -0.000000	-0.000818 0.000000	-0.013456 -0.000000	-0.010551 -0.000000	-0.022227 -0.000000	-0.022364 -0.000000	-0.024974 -0.000000	

iter 10
-0.196192 -0.176573	-0.191096 -0.171987	-0.200657 -0.180592	-0.195831 -0.176248	-0.015555 -0.014000	-0.014991 -0.013492	-0.019751 -0.017776	-0.018896 -0.017007	-0.002083 -0.001875	iter 9
-0.176625 -0.143067	-0.168784 -0.136715	-0.183393 -0.148548	-0.176346 -0.142840	-0.049026 -0.039711	-0.044492 -0.036038	-0.051199 -0.041471	-0.048160 -0.039010	-0.012476 -0.010105	iter 8
-0.143393 -0.103243	-0.135950 -0.097884	-0.149473 -0.107620	-0.143166 -0.103079	-0.080444 -0.057920	-0.070144 -0.050503	-0.081788 -0.058887	-0.076206 -0.054868	-0.035067 -0.025248	iter 7
-0.104010 -0.065527	-0.099687 -0.062803	-0.107153 -0.067507	-0.103738 -0.065355	-0.095454 -0.060136	-0.081381 -0.051270	-0.100329 -0.063207	-0.093879 -0.059144	-0.065073 -0.040996	iter 6
-0.066680 -0.036007	-0.066211 -0.035754	-0.066620 -0.035975	-0.066319 -0.035812	-0.090659 -0.048956	-0.077384 -0.041788	-0.103671 -0.055983	-0.098561 -0.053223	-0.090818 -0.049042	iter 5
-0.037306 -0.016788	-0.039454 -0.017754	-0.035431 -0.015944	-0.036950 -0.016628	-0.073854 -0.033235	-0.064486 -0.029019	-0.095780 -0.043101	-0.092749 -0.041737	-0.102214 -0.045996	iter 4
-0.018000 -0.006480	-0.020854 -0.007507	-0.015999 -0.005760	-0.017802 -0.006409	-0.055367 -0.019932	-0.049545 -0.017836	-0.082146 -0.029573	-0.080470 -0.028969	-0.097197 -0.034991	iter 3
-0.007516 -0.002029	-0.009774 -0.002639	-0.006296 -0.001700	-0.007540 -0.002036	-0.040568 -0.010953	-0.036248 -0.009787	-0.066277 -0.017895	-0.065158 -0.017593	-0.080820 -0.021822	iter 2
-0.002905 -0.000523	-0.004246 -0.000764	-0.002474 -0.000445	-0.003078 -0.000554	-0.029532 -0.005316	-0.025488 -0.004588	-0.050076 -0.009014	-0.049331 -0.008880	-0.060161 -0.010829	iter 1
-0.001262 -0.000114	-0.001950 -0.000176	-0.001235 -0.000111	-0.001459 -0.000131	-0.020700 -0.001863	-0.017011 -0.001531	-0.035048 -0.003154	-0.034740 -0.003127	-0.040506 -0.003646	iter 0
-0.000702 -0.000000	-0.001077 -0.000000	-0.000773 -0.000000	-0.000849 0.000000	-0.013333 -0.000000	-0.010471 -0.000000	-0.022429 -0.000000	-0.022477 0.000000	-0.025025 0.000000	

iter 10
-0.196180 -0.176562	-0.191053 -0.171947	-0.200667 -0.180600	-0.195812 -0.176230	-0.014855 -0.013369	-0.014311 -0.012880	-0.020215 -0.018193	-0.019215 -0.017293	-0.002075 -0.001867	iter 9
-0.176610 -0.143054	-0.168749 -0.136687	-0.183396 -0.148551	-0.176331 -0.142828	-0.046359 -0.037551	-0.041951 -0.033981	-0.052964 -0.042901	-0.049408 -0.040020	-0.012422 -0.010062	iter 8
-0.143317 -0.103188	-0.135989 -0.097912	-0.149423 -0.107585	-0.143205 -0.103108	-0.075588 -0.054423	-0.065648 -0.047266	-0.085094 -0.061268	-0.078606 -0.056597	-0.034931 -0.025150	iter 7
-0.103808 -0.065399	-0.099870 -0.062918	-0.107015 -0.067419	-0.103872 -0.065439	-0.090133 -0.056784	-0.076615 -0.048268	-0.104158 -0.065620	-0.096713 -0.060929	-0.064905 -0.040890	iter 6
-0.066374 -0.035842	-0.066516 -0.035919	-0.066427 -0.035871	-0.066513 -0.035917	-0.087429 -0.047212	-0.074605 -0.040287	-0.106315 -0.057410	-0.100525 -0.054283	-0.090748 -0.049004	iter 5
-0.037025 -0.016661	-0.039739 -0.017882	-0.035273 -0.015873	-0.037107 -0.016698	-0.073919 -0.033264	-0.064589 -0.029065	-0.096232 -0.043305	-0.093043 -0.041869	-0.102307 -0.046038	iter 4
-0.017875 -0.006435	-0.020969 -0.007549	-0.015937 -0.005737	-0.017856 -0.006428	-0.057713 -0.020777	-0.051527 -0.018550	-0.080862 -0.029110	-0.079436 -0.028597	-0.097364 -0.035051	iter 3
-0.007582 -0.002047	-0.009681 -0.002614	-0.006322 -0.001707	-0.007501 -0.002025	-0.043207 -0.011666	-0.038419 -0.010373	-0.064553 -0.017429	-0.063797 -0.017225	-0.080924 -0.021850	iter 2
-0.003102 -0.000558	-0.004019 -0.000723	-0.002537 -0.000457	-0.003005 -0.000541	-0.031220 -0.005620	-0.026861 -0.004835	-0.048871 -0.008797	-0.048373 -0.008707	-0.060161 -0.010829	iter 1
-0.001504 -0.000135	-0.001693 -0.000152	-0.001292 -0.000116	-0.001400 -0.000126	-0.021400 -0.001926	-0.017589 -0.001583	-0.034504 -0.003105	-0.034285 -0.003086	-0.040456 -0.003641	iter 0
-0.000924 0.000000	-0.000854 -0.000000	-0.000807 -0.000000	-0.000819 0.000000	-0.013546 -0.000000	-0.010661 -0.000000	-0.022245 -0.000000	-0.022300 -0.000000	-0.024980 0.000000	

iter 10
-0.196192 -0.176573	-0.191096 -0.171986	-0.200657 -0.180591	-0.195830 -0.176247	-0.015602 -0.014042	-0.015050 -0.013545	-0.019751 -0.017776	-0.018892 -0.017003	-0.002081 -0.001873	iter 9
-0.176626 -0.143067	-0.168784 -0.136715	-0.183392 -0.148548	-0.176345 -0.142839	-0.049075 -0.039751	-0.044543 -0.036080	-0.051229 -0.041495	-0.048143 -0.038996	-0.012470 -0.010101	iter 8
-0.143393 -0.103243	-0.135951 -0.097884	-0.149472 -0.107620	-0.143165 -0.103079	-0.080521 -0.057975	-0.070192 -0.050539	-0.081879 -0.058953	-0.076163 -0.054837	-0.035053 -0.025238	iter 7
-0.104010 -0.065526	-0.099689 -0.062804	-0.107151 -0.067505	-0.103737 -0.065354	-0.095590 -0.060222	-0.081446 -0.051311	-0.100488 -0.063307	-0.093803 -0.059096	-0.065053 -0.040984	iter 6
-0.066678 -0.036006	-0.066213 -0.035755	-0.066618 -0.035974	-0.066319 -0.035812	-0.090869 -0.049069	-0.077489 -0.041844	-0.103864 -0.056087	-0.098451 -0.053163	-0.090802 -0.049033	iter 5
-0.037303 -0.016787	-0.039455 -0.017755	-0.035429 -0.015943	-0.036950 -0.016628	-0.074120 -0.033354	-0.064645 -0.029090	-0.095957 -0.043181	-0.092613 -0.041676	-0.102209 -0.045994	iter 4
-0.017999 -0.006480	-0.020854 -0.007508	-0.015998 -0.005759	-0.017803 -0.006409	-0.055650 -0.020034	-0.049747 -0.017909	-0.082274 -0.029619	-0.080320 -0.028915	-0.097202 -0.034993	iter 3
-0.007516 -0.002029	-0.009773 -0.002639	-0.006297 -0.001700	-0.007540 -0.002036	-0.040830 -0.011024	-0.036464 -0.009845	-0.066353 -0.017915	-0.065011 -0.017553	-0.080829 -0.021824	iter 2
-0.002906 -0.000523	-0.004244 -0.000764	-0.002475 -0.000445	-0.003078 -0.000554	-0.029747 -0.005355	-0.025687 -0.004624	-0.050115 -0.009021	-0.049201 -0.008856	-0.060169 -0.010830	iter 1
-0.001264 -0.000114	-0.001948 -0.000175	-0.001236 -0.000111	-0.001459 -0.000131	-0.020856 -0.001877	-0.017172 -0.001545	-0.035067 -0.003156	-0.034639 -0.003118	-0.040511 -0.003646	iter 0
-0.000704 -0.000000	-0.001075 -0.000000	-0.000774 -0.000000	-0.000849 -0.000000	-0.013433 -0.000000	-0.010587 -0.000000	-0.022437 -0.000000	-0.022407 -0.000000	-0.025028 -0.000000	

iter 10
-0.196180 -0.176562	-0.191053 -0.171948	-0.200666 -0.180600	-0.195811 -0.176230	-0.014902 -0.013412	-0.014370 -0.012933	-0.020218 -0.018197	-0.019211 -0.017290	-0.002073 -0.001866	iter 9
-0.176611 -0.143055	-0.168750 -0.136687	-0.183395 -0.148550	-0.176331 -0.142828	-0.046409 -0.037591	-0.042003 -0.034023	-0.053006 -0.042935	-0.049390 -0.040006	-0.012417 -0.010058	iter 8
-0.143317 -0.103189	-0.135989 -0.097912	-0.149423 -0.107584	-0.143204 -0.103107	-0.075664 -0.054478	-0.065699 -0.047303	-0.085205 -0.061347	-0.078562 -0.056564	-0.034918 -0.025141	iter 7
-0.103809 -0.065400	-0.099870 -0.062918	-0.107014 -0.067419	-0.103870 -0.065438	-0.090271 -0.056871	-0.076686 -0.048312	-0.104332 -0.065729	-0.096633 -0.060879	-0.064886 -0.040878	iter 6
-0.066376 -0.035843	-0.066514 -0.035918	-0.066427 -0.035871	-0.066510 -0.035915	-0.087647 -0.047329	-0.074722 -0.040350	-0.106508 -0.057514	-0.100408 -0.054220	-0.090732 -0.048995	iter 5
-0.037026 -0.016662	-0.039736 -0.017881	-0.035273 -0.015873	-0.037105 -0.016697	-0.074199 -0.033389	-0.064762 -0.029143	-0.096393 -0.043377	-0.092897 -0.041804	-0.102302 -0.046036	iter 4
-0.017876 -0.006435	-0.020968 -0.007548	-0.015938 -0.005738	-0.017855 -0.006428	-0.058014 -0.020885	-0.051741 -0.018627	-0.080967 -0.029148	-0.079276 -0.028539	-0.097369 -0.035053	iter 3
-0.007581 -0.002047	-0.009681 -0.002614	-0.006322 -0.001707	-0.007502 -0.002026	-0.043487 -0.011742	-0.038643 -0.010434	-0.064608 -0.017444	-0.063642 -0.017183	-0.080933 -0.021852	iter 2
-0.003101 -0.000558	-0.004021 -0.000724	-0.002537 -0.000457	-0.003007 -0.000541	-0.031449 -0.005661	-0.027065 -0.004872	-0.048895 -0.008801	-0.048238 -0.008683	-0.060169 -0.010830	iter 1
-0.001502 -0.000135	-0.001696 -0.000153	-0.001292 -0.000116	-0.001401 -0.000126	-0.021567 -0.001941	-0.017753 -0.001598	-0.034513 -0.003106	-0.034180 -0.003076	-0.040460 -0.003641	iter 0
-0.000922 0.000000	-0.000857 -0.000000	-0.000807 -0.000000	-0.000819 -0.000000	-0.013654 0.000000	-0.010779 0.000000	-0.022246 -0.000000	-0.022226 -0.000000	-0.024982 -0.000000	

iter 10
-0.196192 -0.176573	-0.191095 -0.171986	-0.200657 -0.180591	-0.195829 -0.176246	-0.015648 -0.014083	-0.015107 -0.013596	-0.019751 -0.017776	-0.018889 -0.017000	-0.002079 -0.001871	iter 9
-0.176626 -0.143067	-0.168783 -0.136715	-0.183392 -0.148548	-0.176344 -0.142839	-0.049123 -0.039790	-0.044593 -0.036120	-0.051258 -0.041519	-0.048125 -0.038981	-0.012465 -0.010097	iter 8
-0.143393 -0.103243	-0.135951 -0.097885	-0.149470 -0.107619	-0.143164 -0.103078	-0.080596 -0.058029	-0.070240 -0.050573	-0.081967 -0.059017	-0.076119 -0.054806	-0.035041 -0.025230	iter 7
-0.104009 -0.065526	-0.099690 -0.062805	-0.107149 -0.067504	-0.103736 -0.065354	-0.095729 -0.060309	-0.081512 -0.051352	-0.100641 -0.063404	-0.093724 -0.059046	-0.065038 -0.040974	iter 6
-0.066676 -0.036005	-0.066215 -0.035756	-0.066615 -0.035972	-0.066319 -0.035812	-0.091090 -0.049189	-0.077602 -0.041905	-0.104047 -0.056185	-0.098335 -0.053101	-0.090792 -0.049027	iter 5
-0.037301 -0.016785	-0.039457 -0.017756	-0.035427 -0.015942	-0.036951 -0.016628	-0.074410 -0.033484	-0.064819 -0.029169	-0.096117 -0.043253	-0.092467 -0.041610	-0.102208 -0.045994	iter 4
-0.017997 -0.006479	-0.020855 -0.007508	-0.015998 -0.005759	-0.017803 -0.006409	-0.055968 -0.020149	-0.049971 -0.017989	-0.082379 -0.029657	-0.080155 -0.028856	-0.097209 -0.034995	iter 3
-0.007516 -0.002029	-0.009772 -0.002638	-0.006298 -0.001700	-0.007541 -0.002036	-0.041131 -0.011105	-0.036703 -0.009910	-0.066403 -0.017929	-0.064846 -0.017508	-0.080837 -0.021826	iter 2
-0.002908 -0.000523	-0.004242 -0.000764	-0.002476 -0.000446	-0.003078 -0.000554	-0.029998 -0.005400	-0.025904 -0.004663	-0.050129 -0.009023	-0.049055 -0.008830	-0.060173 -0.010831	iter 1
-0.001267 -0.000114	-0.001946 -0.000175	-0.001237 -0.000111	-0.001459 -0.000131	-0.021039 -0.001894	-0.017345 -0.001561	-0.035063 -0.003156	-0.034524 -0.003107	-0.040511 -0.003646	iter 0
-0.000707 0.000000	-0.001073 0.000000	-0.000775 -0.000000	-0.000849 -0.000000	-0.013550 -0.000000	-0.010710 -0.000000	-0.022430 -0.000000	-0.022326 -0.000000	-0.025027 -0.000000	

iter 10
-0.196180 -0.176562	-0.191054 -0.171948	-0.200666 -0.180599	-0.195811 -0.176230	-0.014948 -0.013454	-0.014427 -0.012984	-0.020222 -0.018200	-0.019208 -0.017287	-0.002071 -0.001864	iter 9
-0.176611 -0.143055	-0.168751 -0.136688	-0.183395 -0.148550	-0.176330 -0.142828	-0.046457 -0.037631	-0.042054 -0.034064	-0.053048 -0.042969	-0.049373 -0.039992	-0.012412 -0.010054	iter 8
-0.143318 -0.103189	-0.135990 -0.097912	-0.149422 -0.107584	-0.143203 -0.103106	-0.075741 -0.054534	-0.065750 -0.047340	-0.085314 -0.061426	-0.078518 -0.056533	-0.034907 -0.025133	iter 7
-0.103811 -0.065401	-0.099869 -0.062918	-0.107014 -0.067419	-0.103867 -0.065436	-0.090414 -0.056961	-0.076761 -0.048359	-0.104502 -0.065836	-0.096552 -0.060828	-0.064870 -0.040868	iter 6
-0.066379 -0.035844	-0.066512 -0.035916	-0.066427 -0.035871	-0.066507 -0.035914	-0.087878 -0.047454	-0.074848 -0.040418	-0.106692 -0.057614	-0.100286 -0.054155	-0.090720 -0.048989	iter 5
-0.037029 -0.016663	-0.039734 -0.017880	-0.035274 -0.015873	-0.037103 -0.016696	-0.074505 -0.033527	-0.064952 -0.029228	-0.096538 -0.043442	-0.092741 -0.041733	-0.102300 -0.046035	iter 4
-0.017877 -0.006436	-0.020966 -0.007548	-0.015939 -0.005738	-0.017854 -0.006428	-0.058352 -0.021007	-0.051979 -0.018713	-0.081049 -0.029178	-0.079100 -0.028476	-0.097375 -0.035055	iter 3
-0.007580 -0.002047	-0.009682 -0.002614	-0.006323 -0.001707	-0.007503 -0.002026	-0.043808 -0.011828	-0.038893 -0.010501	-0.064637 -0.017452	-0.063468 -0.017136	-0.080941 -0.021854	iter 2
-0.003099 -0.000558	-0.004023 -0.000724	-0.002537 -0.000457	-0.003008 -0.000541	-0.031716 -0.005709	-0.027290 -0.004912	-0.048894 -0.008801	-0.048085 -0.008655	-0.060174 -0.010831	iter 1
-0.001499 -0.000135	-0.001699 -0.000153	-0.001292 -0.000116	-0.001402 -0.000126	-0.021763 -0.001959	-0.017932 -0.001614	-0.034500 -0.003105	-0.034060 -0.003065	-0.040460 -0.003641	iter 0
-0.000920 -0.000000	-0.000860 -0.000000	-0.000807 0.000000	-0.000820 -0.000000	-0.013779 -0.000000	-0.010907 -0.000000	-0.022232 -0.000000	-0.022142 -0.000000	-0.024979 -0.000000	

iter 10
-0.196192 -0.176573	-0.191095 -0.171985	-0.200656 -0.180591	-0.195828 -0.176246	-0.015693 -0.014124	-0.015163 -0.013647	-0.019751 -0.017776	-0.018885 -0.016996	-0.002077 -0.001870	iter 9
-0.176626 -0.143067	-0.168783 -0.136714	-0.183392 -0.148547	-0.176343 -0.142838	-0.049170 -0.039828	-0.044642 -0.036160	-0.051285 -0.041541	-0.048108 -0.038967	-0.012461 -0.010093	iter 8
-0.143393 -0.103243	-0.135952 -0.097885	-0.149469 -0.107618	-0.143163 -0.103077	-0.080670 -0.058083	-0.070287 -0.050607	-0.082053 -0.059078	-0.076075 -0.054774	-0.035032 -0.025223	iter 7
-0.104008 -0.065525	-0.099692 -0.062806	-0.107147 -0.067502	-0.103736 -0.065353	-0.095870 -0.060398	-0.081580 -0.051395	-0.100788 -0.063496	-0.093644 -0.058996	-0.065028 -0.040967	iter 6
-0.066674 -0.036004	-0.066218 -0.035758	-0.066612 -0.035970	-0.066319 -0.035812	-0.091323 -0.049314	-0.077723 -0.041970	-0.104219 -0.056278	-0.098216 -0.053037	-0.090786 -0.049025	iter 5
-0.037298 -0.016784	-0.039460 -0.017757	-0.035425 -0.015941	-0.036951 -0.016628	-0.074724 -0.033626	-0.065009 -0.029254	-0.096261 -0.043317	-0.092312 -0.041540	-0.102212 -0.045995	iter 4
-0.017995 -0.006478	-0.020856 -0.007508	-0.015997 -0.005759	-0.017804 -0.006409	-0.056322 -0.020276	-0.050217 -0.018078	-0.082462 -0.029686	-0.079976 -0.028792	-0.097217 -0.034998	iter 3
-0.007516 -0.002029	-0.009772 -0.002638	-0.006299 -0.001701	-0.007541 -0.002036	-0.041472 -0.011198	-0.036966 -0.009981	-0.066428 -0.017935	-0.064664 -0.017459	-0.080844 -0.021828	iter 2
-0.002910 -0.000524	-0.004240 -0.000763	-0.002478 -0.000446	-0.003078 -0.000554	-0.030283 -0.005451	-0.026142 -0.004706	-0.050117 -0.009021	-0.048892 -0.008801	-0.060174 -0.010831	iter 1
-0.001270 -0.000114	-0.001943 -0.000175	-0.001238 -0.000111	-0.001459 -0.000131	-0.021249 -0.001912	-0.017532 -0.001578	-0.035039 -0.003154	-0.034395 -0.003096	-0.040508 -0.003646	iter 0
-0.000710 0.000000	-0.001070 0.000000	-0.000775 0.000000	-0.000849 -0.000000	-0.013684 -0.000000	-0.010841 -0.000000	-0.022407 -0.000000	-0.022236 -0.000000	-0.025021 -0.000000	

iter 10
0.000042 0.000042	-0.000180 -0.000162	0.000196 0.000196	-0.000012 -0.000011	-0.191418 -0.172276	-0.187261 -0.168535	-0.195690 -0.176121	-0.193196 -0.173876	-0.022143 -0.019929	iter 9
-0.000616 -0.000499	-0.000623 -0.000505	-0.000451 -0.000366	-0.000465 -0.000377	-0.167261 -0.135481	-0.158187 -0.128131	-0.176773 -0.143186	-0.170971 -0.138486	-0.056867 -0.046062	iter 8
-0.001560 -0.001124	-0.001240 -0.000893	-0.001436 -0.001034	-0.001192 -0.000858	-0.130772 -0.094156	-0.118866 -0.085584	-0.148136 -0.106658	-0.140258 -0.100986	-0.089837 -0.064682	iter 7
-0.002301 -0.001450	-0.001799 -0.001133	-0.002262 -0.001425	-0.001903 -0.001199	-0.095003 -0.059852	-0.083226 -0.052432	-0.119097 -0.075031	-0.111191 -0.070050	-0.108999 -0.068670	iter 6
-0.002557 -0.001381	-0.002145 -0.001158	-0.002603 -0.001405	-0.002327 -0.001257	-0.068513 -0.036997	-0.058618 -0.031653	-0.095584 -0.051615	-0.089030 -0.048076	-0.111111 -0.060000	iter 5
-0.002385 -0.001073	-0.002238 -0.001007	-0.002469 -0.001111	-0.002371 -0.001067	-0.051903 -0.023356	-0.044009 -0.019804	-0.078004 -0.035102	-0.073167 -0.032925	-0.100486 -0.045219	iter 4
-0.002010 -0.000723	-0.002109 -0.000759	-0.002089 -0.000752	-0.002128 -0.000766	-0.041100 -0.014796	-0.034678 -0.012484	-0.063766 -0.022956	-0.060465 -0.021767	-0.083480 -0.030053	iter 3
-0.001600 -0.000432	-0.001830 -0.000494	-0.001662 -0.000449	-0.001755 -0.000474	-0.032363 -0.008738	-0.027063 -0.007307	-0.050693 -0.013687	-0.048620 -0.013127	-0.064748 -0.017482	iter 2
-0.001218 -0.000219	-0.001480 -0.000266	-0.001268 -0.000228	-0.001358 -0.000244	-0.024265 -0.004368	-0.020008 -0.003601	-0.038235 -0.006882	-0.037081 -0.006675	-0.046890 -0.008440	iter 1
-0.000873 -0.000079	-0.001122 -0.000101	-0.000916 -0.000082	-0.000985 -0.000089	-0.016905 -0.001521	-0.013681 -0.001231	-0.026865 -0.002418	-0.026345 -0.002371	-0.031352 -0.002822	iter 0
-0.000573 0.000000	-0.000791 -0.000000	-0.000613 0.000000	-0.000657 -0.000000	-0.010734 -0.000000	-0.008486 -0.000000	-0.017274 -0.000000	-0.017137 -0.000000	-0.019362 -0.000000	